n_rows: 100
n_cols: 100
task_states:
  - !!python/tuple [27, 50, 'A']
  - !!python/tuple [9,  95, 'C']
  - !!python/tuple [55, 85, 'D']
  - !!python/tuple [54, 2,  'E']
  - !!python/tuple [95, 54, 'F']
  - !!python/tuple [70, 10, 'L']
  - !!python/tuple [90, 20, 'O']
  - !!python/tuple [22, 7,  'P']
  - !!python/tuple [94, 97, 'T']
tasks: ['A', 'C', 'D', 'E', 'F', 'L', 'O', 'P', 'T']
walls:
  - [!!python/tuple [0.5, 0.5], !!python/tuple [0.5, 1.5], !!python/tuple [0.5, 2.5], !!python/tuple [0.5, 3.5], !!python/tuple [0.5, 4.5],
  !!python/tuple [0.5, 5.5], !!python/tuple [0.5, 6.5], !!python/tuple [0.5, 7.5], !!python/tuple [0.5, 8.5], !!python/tuple [0.5, 9.5],
  !!python/tuple [0.5, 10.5], !!python/tuple [0.5, 11.5], !!python/tuple [0.5, 12.5], !!python/tuple [0.5, 13.5], !!python/tuple [0.5, 14.5],
  !!python/tuple [0.5, 15.5], !!python/tuple [0.5, 16.5], !!python/tuple [0.5, 17.5], !!python/tuple [0.5, 18.5], !!python/tuple [0.5, 19.5],
  !!python/tuple [0.5, 20.5], !!python/tuple [0.5, 21.5], !!python/tuple [0.5, 22.5], !!python/tuple [0.5, 23.5], !!python/tuple [0.5, 24.5],
  !!python/tuple [0.5, 25.5], !!python/tuple [0.5, 26.5], !!python/tuple [0.5, 27.5], !!python/tuple [0.5, 28.5], !!python/tuple [0.5, 29.5],
  !!python/tuple [0.5, 30.5], !!python/tuple [0.5, 31.5], !!python/tuple [0.5, 32.5], !!python/tuple [0.5, 33.5], !!python/tuple [0.5, 34.5],
  !!python/tuple [0.5, 35.5], !!python/tuple [0.5, 36.5], !!python/tuple [0.5, 37.5], !!python/tuple [0.5, 38.5], !!python/tuple [0.5, 39.5],
  !!python/tuple [0.5, 40.5], !!python/tuple [0.5, 41.5], !!python/tuple [0.5, 42.5], !!python/tuple [0.5, 43.5], !!python/tuple [0.5, 44.5],
  !!python/tuple [0.5, 45.5], !!python/tuple [0.5, 46.5], !!python/tuple [0.5, 47.5], !!python/tuple [0.5, 48.5], !!python/tuple [0.5, 49.5],
  !!python/tuple [0.5, 50.5], !!python/tuple [0.5, 51.5], !!python/tuple [0.5, 52.5], !!python/tuple [0.5, 53.5], !!python/tuple [0.5, 54.5],
  !!python/tuple [0.5, 55.5], !!python/tuple [0.5, 56.5], !!python/tuple [0.5, 57.5], !!python/tuple [0.5, 58.5], !!python/tuple [0.5, 59.5],
  !!python/tuple [0.5, 60.5], !!python/tuple [0.5, 61.5], !!python/tuple [0.5, 62.5], !!python/tuple [0.5, 63.5], !!python/tuple [0.5, 64.5],
  !!python/tuple [0.5, 65.5], !!python/tuple [0.5, 66.5], !!python/tuple [0.5, 67.5], !!python/tuple [0.5, 68.5], !!python/tuple [0.5, 69.5],
  !!python/tuple [0.5, 70.5], !!python/tuple [0.5, 71.5], !!python/tuple [0.5, 72.5], !!python/tuple [0.5, 73.5], !!python/tuple [0.5, 74.5],
  !!python/tuple [0.5, 75.5], !!python/tuple [0.5, 76.5], !!python/tuple [0.5, 77.5], !!python/tuple [0.5, 78.5], !!python/tuple [0.5, 79.5],
  !!python/tuple [0.5, 80.5], !!python/tuple [0.5, 81.5], !!python/tuple [0.5, 82.5], !!python/tuple [0.5, 83.5], !!python/tuple [0.5, 84.5],
  !!python/tuple [0.5, 85.5], !!python/tuple [0.5, 86.5], !!python/tuple [0.5, 87.5], !!python/tuple [0.5, 88.5], !!python/tuple [0.5, 89.5],
  !!python/tuple [0.5, 90.5], !!python/tuple [0.5, 91.5], !!python/tuple [0.5, 92.5], !!python/tuple [0.5, 93.5], !!python/tuple [0.5, 94.5],
  !!python/tuple [0.5, 95.5], !!python/tuple [0.5, 96.5], !!python/tuple [0.5, 97.5], !!python/tuple [0.5, 98.5], !!python/tuple [0.5, 99.5],
  !!python/tuple [0.5, 100.5]]
  - [!!python/tuple [100.5, 0.5], !!python/tuple [100.5, 1.5], !!python/tuple [100.5, 2.5], !!python/tuple [100.5, 3.5], !!python/tuple [100.5, 4.5],
  !!python/tuple [100.5, 5.5], !!python/tuple [100.5, 6.5], !!python/tuple [100.5, 7.5], !!python/tuple [100.5, 8.5], !!python/tuple [100.5, 9.5],
  !!python/tuple [100.5, 10.5], !!python/tuple [100.5, 11.5], !!python/tuple [100.5, 12.5], !!python/tuple [100.5, 13.5], !!python/tuple [100.5, 14.5],
  !!python/tuple [100.5, 15.5], !!python/tuple [100.5, 16.5], !!python/tuple [100.5, 17.5], !!python/tuple [100.5, 18.5], !!python/tuple [100.5, 19.5],
  !!python/tuple [100.5, 20.5], !!python/tuple [100.5, 21.5], !!python/tuple [100.5, 22.5], !!python/tuple [100.5, 23.5], !!python/tuple [100.5, 24.5],
  !!python/tuple [100.5, 25.5], !!python/tuple [100.5, 26.5], !!python/tuple [100.5, 27.5], !!python/tuple [100.5, 28.5], !!python/tuple [100.5, 29.5],
  !!python/tuple [100.5, 30.5], !!python/tuple [100.5, 31.5], !!python/tuple [100.5, 32.5], !!python/tuple [100.5, 33.5], !!python/tuple [100.5, 34.5],
  !!python/tuple [100.5, 35.5], !!python/tuple [100.5, 36.5], !!python/tuple [100.5, 37.5], !!python/tuple [100.5, 38.5], !!python/tuple [100.5, 39.5],
  !!python/tuple [100.5, 40.5], !!python/tuple [100.5, 41.5], !!python/tuple [100.5, 42.5], !!python/tuple [100.5, 43.5], !!python/tuple [100.5, 44.5],
  !!python/tuple [100.5, 45.5], !!python/tuple [100.5, 46.5], !!python/tuple [100.5, 47.5], !!python/tuple [100.5, 48.5], !!python/tuple [100.5, 49.5],
  !!python/tuple [100.5, 50.5], !!python/tuple [100.5, 51.5], !!python/tuple [100.5, 52.5], !!python/tuple [100.5, 53.5], !!python/tuple [100.5, 54.5],
  !!python/tuple [100.5, 55.5], !!python/tuple [100.5, 56.5], !!python/tuple [100.5, 57.5], !!python/tuple [100.5, 58.5], !!python/tuple [100.5, 59.5],
  !!python/tuple [100.5, 60.5], !!python/tuple [100.5, 61.5], !!python/tuple [100.5, 62.5], !!python/tuple [100.5, 63.5], !!python/tuple [100.5, 64.5],
  !!python/tuple [100.5, 65.5], !!python/tuple [100.5, 66.5], !!python/tuple [100.5, 67.5], !!python/tuple [100.5, 68.5], !!python/tuple [100.5, 69.5],
  !!python/tuple [100.5, 70.5], !!python/tuple [100.5, 71.5], !!python/tuple [100.5, 72.5], !!python/tuple [100.5, 73.5], !!python/tuple [100.5, 74.5],
  !!python/tuple [100.5, 75.5], !!python/tuple [100.5, 76.5], !!python/tuple [100.5, 77.5], !!python/tuple [100.5, 78.5], !!python/tuple [100.5, 79.5],
  !!python/tuple [100.5, 80.5], !!python/tuple [100.5, 81.5], !!python/tuple [100.5, 82.5], !!python/tuple [100.5, 83.5], !!python/tuple [100.5, 84.5],
  !!python/tuple [100.5, 85.5], !!python/tuple [100.5, 86.5], !!python/tuple [100.5, 87.5], !!python/tuple [100.5, 88.5], !!python/tuple [100.5, 89.5],
  !!python/tuple [100.5, 90.5], !!python/tuple [100.5, 91.5], !!python/tuple [100.5, 92.5], !!python/tuple [100.5, 93.5], !!python/tuple [100.5, 94.5],
  !!python/tuple [100.5, 95.5], !!python/tuple [100.5, 96.5], !!python/tuple [100.5, 97.5], !!python/tuple [100.5, 98.5], !!python/tuple [100.5, 99.5],
  !!python/tuple [100.5, 100.5]]
  - [!!python/tuple [0.5, 0.5], !!python/tuple [1.5, 0.5], !!python/tuple [2.5, 0.5], !!python/tuple [3.5, 0.5], !!python/tuple [4.5, 0.5],
  !!python/tuple [5.5, 0.5], !!python/tuple [6.5, 0.5], !!python/tuple [7.5, 0.5], !!python/tuple [8.5, 0.5], !!python/tuple [9.5, 0.5],
  !!python/tuple [10.5, 0.5], !!python/tuple [11.5, 0.5], !!python/tuple [12.5, 0.5], !!python/tuple [13.5, 0.5], !!python/tuple [14.5, 0.5],
  !!python/tuple [15.5, 0.5], !!python/tuple [16.5, 0.5], !!python/tuple [17.5, 0.5], !!python/tuple [18.5, 0.5], !!python/tuple [19.5, 0.5],
  !!python/tuple [20.5, 0.5], !!python/tuple [21.5, 0.5], !!python/tuple [22.5, 0.5], !!python/tuple [23.5, 0.5], !!python/tuple [24.5, 0.5],
  !!python/tuple [25.5, 0.5], !!python/tuple [26.5, 0.5], !!python/tuple [27.5, 0.5], !!python/tuple [28.5, 0.5], !!python/tuple [29.5, 0.5],
  !!python/tuple [30.5, 0.5], !!python/tuple [31.5, 0.5], !!python/tuple [32.5, 0.5], !!python/tuple [33.5, 0.5], !!python/tuple [34.5, 0.5],
  !!python/tuple [35.5, 0.5], !!python/tuple [36.5, 0.5], !!python/tuple [37.5, 0.5], !!python/tuple [38.5, 0.5], !!python/tuple [39.5, 0.5],
  !!python/tuple [40.5, 0.5], !!python/tuple [41.5, 0.5], !!python/tuple [42.5, 0.5], !!python/tuple [43.5, 0.5], !!python/tuple [44.5, 0.5],
  !!python/tuple [45.5, 0.5], !!python/tuple [46.5, 0.5], !!python/tuple [47.5, 0.5], !!python/tuple [48.5, 0.5], !!python/tuple [49.5, 0.5],
  !!python/tuple [50.5, 0.5], !!python/tuple [51.5, 0.5], !!python/tuple [52.5, 0.5], !!python/tuple [53.5, 0.5], !!python/tuple [54.5, 0.5],
  !!python/tuple [55.5, 0.5], !!python/tuple [56.5, 0.5], !!python/tuple [57.5, 0.5], !!python/tuple [58.5, 0.5], !!python/tuple [59.5, 0.5],
  !!python/tuple [60.5, 0.5], !!python/tuple [61.5, 0.5], !!python/tuple [62.5, 0.5], !!python/tuple [63.5, 0.5], !!python/tuple [64.5, 0.5],
  !!python/tuple [65.5, 0.5], !!python/tuple [66.5, 0.5], !!python/tuple [67.5, 0.5], !!python/tuple [68.5, 0.5], !!python/tuple [69.5, 0.5],
  !!python/tuple [70.5, 0.5], !!python/tuple [71.5, 0.5], !!python/tuple [72.5, 0.5], !!python/tuple [73.5, 0.5], !!python/tuple [74.5, 0.5],
  !!python/tuple [75.5, 0.5], !!python/tuple [76.5, 0.5], !!python/tuple [77.5, 0.5], !!python/tuple [78.5, 0.5], !!python/tuple [79.5, 0.5],
  !!python/tuple [80.5, 0.5], !!python/tuple [81.5, 0.5], !!python/tuple [82.5, 0.5], !!python/tuple [83.5, 0.5], !!python/tuple [84.5, 0.5],
  !!python/tuple [85.5, 0.5], !!python/tuple [86.5, 0.5], !!python/tuple [87.5, 0.5], !!python/tuple [88.5, 0.5], !!python/tuple [89.5, 0.5],
  !!python/tuple [90.5, 0.5], !!python/tuple [91.5, 0.5], !!python/tuple [92.5, 0.5], !!python/tuple [93.5, 0.5], !!python/tuple [94.5, 0.5],
  !!python/tuple [95.5, 0.5], !!python/tuple [96.5, 0.5], !!python/tuple [97.5, 0.5], !!python/tuple [98.5, 0.5], !!python/tuple [99.5, 0.5],
  !!python/tuple [100.5, 0.5]]
  - [!!python/tuple [0.5, 100.5], !!python/tuple [1.5, 100.5], !!python/tuple [2.5, 100.5], !!python/tuple [3.5, 100.5], !!python/tuple [4.5, 100.5],
  !!python/tuple [5.5, 100.5], !!python/tuple [6.5, 100.5], !!python/tuple [7.5, 100.5], !!python/tuple [8.5, 100.5], !!python/tuple [9.5, 100.5],
  !!python/tuple [10.5, 100.5], !!python/tuple [11.5, 100.5], !!python/tuple [12.5, 100.5], !!python/tuple [13.5, 100.5], !!python/tuple [14.5, 100.5],
  !!python/tuple [15.5, 100.5], !!python/tuple [16.5, 100.5], !!python/tuple [17.5, 100.5], !!python/tuple [18.5, 100.5], !!python/tuple [19.5, 100.5],
  !!python/tuple [20.5, 100.5], !!python/tuple [21.5, 100.5], !!python/tuple [22.5, 100.5], !!python/tuple [23.5, 100.5], !!python/tuple [24.5, 100.5],
  !!python/tuple [25.5, 100.5], !!python/tuple [26.5, 100.5], !!python/tuple [27.5, 100.5], !!python/tuple [28.5, 100.5], !!python/tuple [29.5, 100.5],
  !!python/tuple [30.5, 100.5], !!python/tuple [31.5, 100.5], !!python/tuple [32.5, 100.5], !!python/tuple [33.5, 100.5], !!python/tuple [34.5, 100.5],
  !!python/tuple [35.5, 100.5], !!python/tuple [36.5, 100.5], !!python/tuple [37.5, 100.5], !!python/tuple [38.5, 100.5], !!python/tuple [39.5, 100.5],
  !!python/tuple [40.5, 100.5], !!python/tuple [41.5, 100.5], !!python/tuple [42.5, 100.5], !!python/tuple [43.5, 100.5], !!python/tuple [44.5, 100.5],
  !!python/tuple [45.5, 100.5], !!python/tuple [46.5, 100.5], !!python/tuple [47.5, 100.5], !!python/tuple [48.5, 100.5], !!python/tuple [49.5, 100.5],
  !!python/tuple [50.5, 100.5], !!python/tuple [51.5, 100.5], !!python/tuple [52.5, 100.5], !!python/tuple [53.5, 100.5], !!python/tuple [54.5, 100.5],
  !!python/tuple [55.5, 100.5], !!python/tuple [56.5, 100.5], !!python/tuple [57.5, 100.5], !!python/tuple [58.5, 100.5], !!python/tuple [59.5, 100.5],
  !!python/tuple [60.5, 100.5], !!python/tuple [61.5, 100.5], !!python/tuple [62.5, 100.5], !!python/tuple [63.5, 100.5], !!python/tuple [64.5, 100.5],
  !!python/tuple [65.5, 100.5], !!python/tuple [66.5, 100.5], !!python/tuple [67.5, 100.5], !!python/tuple [68.5, 100.5], !!python/tuple [69.5, 100.5],
  !!python/tuple [70.5, 100.5], !!python/tuple [71.5, 100.5], !!python/tuple [72.5, 100.5], !!python/tuple [73.5, 100.5], !!python/tuple [74.5, 100.5],
  !!python/tuple [75.5, 100.5], !!python/tuple [76.5, 100.5], !!python/tuple [77.5, 100.5], !!python/tuple [78.5, 100.5], !!python/tuple [79.5, 100.5],
  !!python/tuple [80.5, 100.5], !!python/tuple [81.5, 100.5], !!python/tuple [82.5, 100.5], !!python/tuple [83.5, 100.5], !!python/tuple [84.5, 100.5],
  !!python/tuple [85.5, 100.5], !!python/tuple [86.5, 100.5], !!python/tuple [87.5, 100.5], !!python/tuple [88.5, 100.5], !!python/tuple [89.5, 100.5],
  !!python/tuple [90.5, 100.5], !!python/tuple [91.5, 100.5], !!python/tuple [92.5, 100.5], !!python/tuple [93.5, 100.5], !!python/tuple [94.5, 100.5],
  !!python/tuple [95.5, 100.5], !!python/tuple [96.5, 100.5], !!python/tuple [97.5, 100.5], !!python/tuple [98.5, 100.5], !!python/tuple [99.5, 100.5],
  !!python/tuple [100.5, 100.5]]
  - [!!python/tuple [15.5, 10.5], !!python/tuple [16.5, 10.5], !!python/tuple [17.5, 10.5], !!python/tuple [18.5, 10.5], !!python/tuple [19.5, 10.5],
  !!python/tuple [20.5, 10.5], !!python/tuple [21.5, 10.5], !!python/tuple [22.5, 10.5], !!python/tuple [23.5, 10.5], !!python/tuple [24.5, 10.5],
  !!python/tuple [25.5, 10.5]]
  - [!!python/tuple [25.5, 20.5], !!python/tuple [26.5, 20.5], !!python/tuple [27.5, 20.5], !!python/tuple [28.5, 20.5], !!python/tuple [29.5, 20.5],
  !!python/tuple [30.5, 20.5]]
  - [!!python/tuple [15.5, 24.5], !!python/tuple [16.5, 24.5], !!python/tuple [17.5, 24.5], !!python/tuple [18.5, 24.5], !!python/tuple [19.5, 24.5],
  !!python/tuple [20.5, 24.5], !!python/tuple [21.5, 24.5], !!python/tuple [22.5, 24.5], !!python/tuple [23.5, 24.5], !!python/tuple [24.5, 24.5],
  !!python/tuple [25.5, 24.5], !!python/tuple [26.5, 24.5], !!python/tuple [27.5, 24.5], !!python/tuple [28.5, 24.5], !!python/tuple [29.5, 24.5],
  !!python/tuple [30.5, 24.5], !!python/tuple [31.5, 24.5], !!python/tuple [32.5, 24.5], !!python/tuple [33.5, 24.5], !!python/tuple [34.5, 24.5],
  !!python/tuple [35.5, 24.5], !!python/tuple [36.5, 24.5], !!python/tuple [37.5, 24.5], !!python/tuple [38.5, 24.5], !!python/tuple [39.5, 24.5],
  !!python/tuple [40.5, 24.5]]
  - [!!python/tuple [67.5, 30.5], !!python/tuple [68.5, 30.5], !!python/tuple [69.5, 30.5], !!python/tuple [70.5, 30.5], !!python/tuple [71.5, 30.5],
  !!python/tuple [72.5, 30.5], !!python/tuple [73.5, 30.5], !!python/tuple [74.5, 30.5], !!python/tuple [75.5, 30.5], !!python/tuple [76.5, 30.5],
  !!python/tuple [77.5, 30.5], !!python/tuple [78.5, 30.5], !!python/tuple [79.5, 30.5], !!python/tuple [80.5, 30.5], !!python/tuple [81.5, 30.5],
  !!python/tuple [82.5, 30.5], !!python/tuple [83.5, 30.5], !!python/tuple [84.5, 30.5], !!python/tuple [85.5, 30.5], !!python/tuple [86.5, 30.5],
  !!python/tuple [87.5, 30.5], !!python/tuple [88.5, 30.5], !!python/tuple [89.5, 30.5], !!python/tuple [90.5, 30.5], !!python/tuple [91.5, 30.5],
  !!python/tuple [92.5, 30.5], !!python/tuple [93.5, 30.5], !!python/tuple [94.5, 30.5], !!python/tuple [95.5, 30.5]]
  - [!!python/tuple [0.5, 35.5], !!python/tuple [1.5, 35.5], !!python/tuple [2.5, 35.5], !!python/tuple [3.5, 35.5], !!python/tuple [4.5, 35.5],
  !!python/tuple [5.5, 35.5], !!python/tuple [6.5, 35.5], !!python/tuple [7.5, 35.5], !!python/tuple [8.5, 35.5], !!python/tuple [9.5, 35.5],
  !!python/tuple [10.5, 35.5], !!python/tuple [11.5, 35.5], !!python/tuple [12.5, 35.5], !!python/tuple [13.5, 35.5], !!python/tuple [14.5, 35.5],
  !!python/tuple [15.5, 35.5]]
  - [!!python/tuple [20.5, 35.5], !!python/tuple [21.5, 35.5], !!python/tuple [22.5, 35.5], !!python/tuple [23.5, 35.5], !!python/tuple [24.5, 35.5],
  !!python/tuple [25.5, 35.5], !!python/tuple [26.5, 35.5], !!python/tuple [27.5, 35.5], !!python/tuple [28.5, 35.5], !!python/tuple [29.5, 35.5],
  !!python/tuple [30.5, 35.5], !!python/tuple [31.5, 35.5], !!python/tuple [32.5, 35.5], !!python/tuple [33.5, 35.5], !!python/tuple [34.5, 35.5],
  !!python/tuple [35.5, 35.5], !!python/tuple [36.5, 35.5], !!python/tuple [37.5, 35.5], !!python/tuple [38.5, 35.5], !!python/tuple [39.5, 35.5],
  !!python/tuple [40.5, 35.5]]
  - [!!python/tuple [45.5, 40.5], !!python/tuple [46.5, 40.5], !!python/tuple [47.5, 40.5], !!python/tuple [48.5, 40.5], !!python/tuple [49.5, 40.5],
  !!python/tuple [50.5, 40.5], !!python/tuple [51.5, 40.5], !!python/tuple [52.5, 40.5], !!python/tuple [53.5, 40.5], !!python/tuple [54.5, 40.5],
  !!python/tuple [55.5, 40.5], !!python/tuple [56.5, 40.5], !!python/tuple [57.5, 40.5], !!python/tuple [58.5, 40.5], !!python/tuple [59.5, 40.5],
  !!python/tuple [60.5, 40.5], !!python/tuple [61.5, 40.5], !!python/tuple [62.5, 40.5], !!python/tuple [63.5, 40.5]]
  - [!!python/tuple [0.5, 40.5], !!python/tuple [1.5, 40.5], !!python/tuple [2.5, 40.5], !!python/tuple [3.5, 40.5], !!python/tuple [4.5, 40.5],
  !!python/tuple [5.5, 40.5], !!python/tuple [6.5, 40.5], !!python/tuple [7.5, 40.5], !!python/tuple [8.5, 40.5], !!python/tuple [9.5, 40.5],
  !!python/tuple [10.5, 40.5], !!python/tuple [11.5, 40.5], !!python/tuple [12.5, 40.5], !!python/tuple [13.5, 40.5], !!python/tuple [14.5, 40.5],
  !!python/tuple [15.5, 40.5]]
  - [!!python/tuple [20.5, 40.5], !!python/tuple [21.5, 40.5], !!python/tuple [22.5, 40.5], !!python/tuple [23.5, 40.5], !!python/tuple [24.5, 40.5],
  !!python/tuple [25.5, 40.5], !!python/tuple [26.5, 40.5], !!python/tuple [27.5, 40.5], !!python/tuple [28.5, 40.5], !!python/tuple [29.5, 40.5],
  !!python/tuple [30.5, 40.5]]
  - [!!python/tuple [45.5, 55.5], !!python/tuple [46.5, 55.5], !!python/tuple [47.5, 55.5], !!python/tuple [48.5, 55.5], !!python/tuple [49.5, 55.5],
  !!python/tuple [50.5, 55.5], !!python/tuple [51.5, 55.5], !!python/tuple [52.5, 55.5], !!python/tuple [53.5, 55.5], !!python/tuple [54.5, 55.5],
  !!python/tuple [55.5, 55.5], !!python/tuple [56.5, 55.5], !!python/tuple [57.5, 55.5], !!python/tuple [58.5, 55.5], !!python/tuple [59.5, 55.5],
  !!python/tuple [60.5, 55.5], !!python/tuple [61.5, 55.5], !!python/tuple [62.5, 55.5], !!python/tuple [63.5, 55.5]]
  - [!!python/tuple [75.5, 55.5], !!python/tuple [76.5, 55.5], !!python/tuple [77.5, 55.5], !!python/tuple [78.5, 55.5], !!python/tuple [79.5, 55.5],
  !!python/tuple [80.5, 55.5], !!python/tuple [81.5, 55.5], !!python/tuple [82.5, 55.5], !!python/tuple [83.5, 55.5], !!python/tuple [84.5, 55.5],
  !!python/tuple [85.5, 55.5], !!python/tuple [86.5, 55.5], !!python/tuple [87.5, 55.5], !!python/tuple [88.5, 55.5], !!python/tuple [89.5, 55.5],
  !!python/tuple [90.5, 55.5], !!python/tuple [91.5, 55.5], !!python/tuple [92.5, 55.5], !!python/tuple [93.5, 55.5], !!python/tuple [94.5, 55.5],
  !!python/tuple [95.5, 55.5], !!python/tuple [96.5, 55.5], !!python/tuple [97.5, 55.5], !!python/tuple [98.5, 55.5], !!python/tuple [99.5, 55.5],
  !!python/tuple [100.5, 55.5]]
  - [!!python/tuple [85.5, 60.5], !!python/tuple [86.5, 60.5], !!python/tuple [87.5, 60.5], !!python/tuple [88.5, 60.5], !!python/tuple [89.5, 60.5],
  !!python/tuple [90.5, 60.5], !!python/tuple [91.5, 60.5], !!python/tuple [92.5, 60.5], !!python/tuple [93.5, 60.5], !!python/tuple [94.5, 60.5],
  !!python/tuple [95.5, 60.5], !!python/tuple [96.5, 60.5], !!python/tuple [97.5, 60.5], !!python/tuple [98.5, 60.5], !!python/tuple [99.5, 60.5],
  !!python/tuple [100.5, 60.5]]
  - [!!python/tuple [0.5, 65.5], !!python/tuple [1.5, 65.5], !!python/tuple [2.5, 65.5], !!python/tuple [3.5, 65.5], !!python/tuple [4.5, 65.5],
  !!python/tuple [5.5, 65.5], !!python/tuple [6.5, 65.5], !!python/tuple [7.5, 65.5], !!python/tuple [8.5, 65.5], !!python/tuple [9.5, 65.5],
  !!python/tuple [10.5, 65.5], !!python/tuple [11.5, 65.5], !!python/tuple [12.5, 65.5], !!python/tuple [13.5, 65.5], !!python/tuple [14.5, 65.5],
  !!python/tuple [15.5, 65.5], !!python/tuple [16.5, 65.5], !!python/tuple [17.5, 65.5]]
  - [!!python/tuple [22.5, 65.5], !!python/tuple [23.5, 65.5], !!python/tuple [24.5, 65.5], !!python/tuple [25.5, 65.5], !!python/tuple [26.5, 65.5],
  !!python/tuple [27.5, 65.5], !!python/tuple [28.5, 65.5], !!python/tuple [29.5, 65.5], !!python/tuple [30.5, 65.5], !!python/tuple [31.5, 65.5],
  !!python/tuple [32.5, 65.5], !!python/tuple [33.5, 65.5], !!python/tuple [34.5, 65.5], !!python/tuple [35.5, 65.5], !!python/tuple [36.5, 65.5],
  !!python/tuple [37.5, 65.5], !!python/tuple [38.5, 65.5], !!python/tuple [39.5, 65.5], !!python/tuple [40.5, 65.5]]
  - [!!python/tuple [75.5, 75.5], !!python/tuple [76.5, 75.5], !!python/tuple [77.5, 75.5], !!python/tuple [78.5, 75.5], !!python/tuple [79.5, 75.5],
  !!python/tuple [80.5, 75.5], !!python/tuple [81.5, 75.5], !!python/tuple [82.5, 75.5], !!python/tuple [83.5, 75.5], !!python/tuple [84.5, 75.5],
  !!python/tuple [85.5, 75.5]]
  - [!!python/tuple [0.5, 75.5], !!python/tuple [1.5, 75.5], !!python/tuple [2.5, 75.5], !!python/tuple [3.5, 75.5], !!python/tuple [4.5, 75.5],
  !!python/tuple [5.5, 75.5], !!python/tuple [6.5, 75.5], !!python/tuple [7.5, 75.5], !!python/tuple [8.5, 75.5], !!python/tuple [9.5, 75.5],
  !!python/tuple [10.5, 75.5], !!python/tuple [11.5, 75.5], !!python/tuple [12.5, 75.5], !!python/tuple [13.5, 75.5], !!python/tuple [14.5, 75.5],
  !!python/tuple [15.5, 75.5], !!python/tuple [16.5, 75.5], !!python/tuple [17.5, 75.5]]
  - [!!python/tuple [22.5, 75.5], !!python/tuple [23.5, 75.5], !!python/tuple [24.5, 75.5], !!python/tuple [25.5, 75.5], !!python/tuple [26.5, 75.5],
  !!python/tuple [27.5, 75.5], !!python/tuple [28.5, 75.5], !!python/tuple [29.5, 75.5], !!python/tuple [30.5, 75.5], !!python/tuple [31.5, 75.5],
  !!python/tuple [32.5, 75.5], !!python/tuple [33.5, 75.5], !!python/tuple [34.5, 75.5], !!python/tuple [35.5, 75.5], !!python/tuple [36.5, 75.5],
  !!python/tuple [37.5, 75.5], !!python/tuple [38.5, 75.5], !!python/tuple [39.5, 75.5], !!python/tuple [40.5, 75.5]]
  - [!!python/tuple [75.5, 85.5], !!python/tuple [76.5, 85.5], !!python/tuple [77.5, 85.5], !!python/tuple [78.5, 85.5], !!python/tuple [79.5, 85.5],
  !!python/tuple [80.5, 85.5], !!python/tuple [81.5, 85.5], !!python/tuple [82.5, 85.5], !!python/tuple [83.5, 85.5], !!python/tuple [84.5, 85.5],
  !!python/tuple [85.5, 85.5]]
  - [!!python/tuple [15.5, 10.5], !!python/tuple [15.5, 11.5], !!python/tuple [15.5, 12.5], !!python/tuple [15.5, 13.5], !!python/tuple [15.5, 14.5],
  !!python/tuple [15.5, 15.5], !!python/tuple [15.5, 16.5], !!python/tuple [15.5, 17.5], !!python/tuple [15.5, 18.5], !!python/tuple [15.5, 19.5],
  !!python/tuple [15.5, 20.5], !!python/tuple [15.5, 21.5], !!python/tuple [15.5, 22.5], !!python/tuple [15.5, 23.5], !!python/tuple [15.5, 24.5]]
  - [!!python/tuple [15.5, 35.5], !!python/tuple [15.5, 36.5], !!python/tuple [15.5, 37.5], !!python/tuple [15.5, 38.5], !!python/tuple [15.5, 39.5],
  !!python/tuple [15.5, 40.5]]
  - [!!python/tuple [17.5, 65.5], !!python/tuple [17.5, 66.5], !!python/tuple [17.5, 67.5], !!python/tuple [17.5, 68.5], !!python/tuple [17.5, 69.5],
  !!python/tuple [17.5, 70.5], !!python/tuple [17.5, 71.5], !!python/tuple [17.5, 72.5], !!python/tuple [17.5, 73.5], !!python/tuple [17.5, 74.5],
  !!python/tuple [17.5, 75.5]]
  - [!!python/tuple [20.5, 35.5], !!python/tuple [20.5, 36.5], !!python/tuple [20.5, 37.5], !!python/tuple [20.5, 38.5], !!python/tuple [20.5, 39.5],
  !!python/tuple [20.5, 40.5]]
  - [!!python/tuple [25.5, 10.5], !!python/tuple [25.5, 11.5], !!python/tuple [25.5, 12.5], !!python/tuple [25.5, 13.5], !!python/tuple [25.5, 14.5],
  !!python/tuple [25.5, 15.5], !!python/tuple [25.5, 16.5], !!python/tuple [25.5, 17.5], !!python/tuple [25.5, 18.5], !!python/tuple [25.5, 19.5],
  !!python/tuple [25.5, 20.5]]
  - [!!python/tuple [30.5, 0.5], !!python/tuple [30.5, 1.5], !!python/tuple [30.5, 2.5], !!python/tuple [30.5, 3.5], !!python/tuple [30.5, 4.5],
  !!python/tuple [30.5, 5.5], !!python/tuple [30.5, 6.5], !!python/tuple [30.5, 7.5], !!python/tuple [30.5, 8.5], !!python/tuple [30.5, 9.5],
  !!python/tuple [30.5, 10.5], !!python/tuple [30.5, 11.5], !!python/tuple [30.5, 12.5], !!python/tuple [30.5, 13.5], !!python/tuple [30.5, 14.5],
  !!python/tuple [30.5, 15.5], !!python/tuple [30.5, 16.5], !!python/tuple [30.5, 17.5], !!python/tuple [30.5, 18.5], !!python/tuple [30.5, 19.5],
  !!python/tuple [30.5, 20.5]]
  - [!!python/tuple [30.5, 40.5], !!python/tuple [30.5, 41.5], !!python/tuple [30.5, 42.5], !!python/tuple [30.5, 43.5], !!python/tuple [30.5, 44.5],
  !!python/tuple [30.5, 45.5], !!python/tuple [30.5, 46.5], !!python/tuple [30.5, 47.5], !!python/tuple [30.5, 48.5], !!python/tuple [30.5, 49.5],
  !!python/tuple [30.5, 50.5], !!python/tuple [30.5, 51.5], !!python/tuple [30.5, 52.5], !!python/tuple [30.5, 53.5], !!python/tuple [30.5, 54.5],
  !!python/tuple [30.5, 55.5], !!python/tuple [30.5, 56.5], !!python/tuple [30.5, 57.5], !!python/tuple [30.5, 58.5], !!python/tuple [30.5, 59.5],
  !!python/tuple [30.5, 60.5], !!python/tuple [30.5, 61.5], !!python/tuple [30.5, 62.5], !!python/tuple [30.5, 63.5], !!python/tuple [30.5, 64.5],
  !!python/tuple [30.5, 65.5]]
  - [!!python/tuple [30.5, 75.5], !!python/tuple [30.5, 76.5], !!python/tuple [30.5, 77.5], !!python/tuple [30.5, 78.5], !!python/tuple [30.5, 79.5],
  !!python/tuple [30.5, 80.5], !!python/tuple [30.5, 81.5], !!python/tuple [30.5, 82.5], !!python/tuple [30.5, 83.5], !!python/tuple [30.5, 84.5],
  !!python/tuple [30.5, 85.5], !!python/tuple [30.5, 86.5], !!python/tuple [30.5, 87.5], !!python/tuple [30.5, 88.5], !!python/tuple [30.5, 89.5],
  !!python/tuple [30.5, 90.5], !!python/tuple [30.5, 91.5], !!python/tuple [30.5, 92.5], !!python/tuple [30.5, 93.5], !!python/tuple [30.5, 94.5],
  !!python/tuple [30.5, 95.5], !!python/tuple [30.5, 96.5], !!python/tuple [30.5, 97.5], !!python/tuple [30.5, 98.5], !!python/tuple [30.5, 99.5],
  !!python/tuple [30.5, 100.5]]
  - [!!python/tuple [40.5, 0.5], !!python/tuple [40.5, 1.5], !!python/tuple [40.5, 2.5], !!python/tuple [40.5, 3.5], !!python/tuple [40.5, 4.5],
  !!python/tuple [40.5, 5.5], !!python/tuple [40.5, 6.5], !!python/tuple [40.5, 7.5], !!python/tuple [40.5, 8.5], !!python/tuple [40.5, 9.5],
  !!python/tuple [40.5, 10.5], !!python/tuple [40.5, 11.5], !!python/tuple [40.5, 12.5], !!python/tuple [40.5, 13.5], !!python/tuple [40.5, 14.5],
  !!python/tuple [40.5, 15.5], !!python/tuple [40.5, 16.5], !!python/tuple [40.5, 17.5], !!python/tuple [40.5, 18.5], !!python/tuple [40.5, 19.5],
  !!python/tuple [40.5, 20.5], !!python/tuple [40.5, 21.5], !!python/tuple [40.5, 22.5], !!python/tuple [40.5, 23.5], !!python/tuple [40.5, 24.5]]
  - [!!python/tuple [40.5, 35.5], !!python/tuple [40.5, 36.5], !!python/tuple [40.5, 37.5], !!python/tuple [40.5, 38.5], !!python/tuple [40.5, 39.5],
  !!python/tuple [40.5, 40.5], !!python/tuple [40.5, 41.5], !!python/tuple [40.5, 42.5], !!python/tuple [40.5, 43.5], !!python/tuple [40.5, 44.5],
  !!python/tuple [40.5, 45.5], !!python/tuple [40.5, 46.5], !!python/tuple [40.5, 47.5], !!python/tuple [40.5, 48.5], !!python/tuple [40.5, 49.5],
  !!python/tuple [40.5, 50.5], !!python/tuple [40.5, 51.5], !!python/tuple [40.5, 52.5], !!python/tuple [40.5, 53.5], !!python/tuple [40.5, 54.5],
  !!python/tuple [40.5, 55.5], !!python/tuple [40.5, 56.5], !!python/tuple [40.5, 57.5], !!python/tuple [40.5, 58.5], !!python/tuple [40.5, 59.5],
  !!python/tuple [40.5, 60.5], !!python/tuple [40.5, 61.5], !!python/tuple [40.5, 62.5], !!python/tuple [40.5, 63.5], !!python/tuple [40.5, 64.5],
  !!python/tuple [40.5, 65.5]]
  - [!!python/tuple [40.5, 75.5], !!python/tuple [40.5, 76.5], !!python/tuple [40.5, 77.5], !!python/tuple [40.5, 78.5], !!python/tuple [40.5, 79.5],
  !!python/tuple [40.5, 80.5], !!python/tuple [40.5, 81.5], !!python/tuple [40.5, 82.5], !!python/tuple [40.5, 83.5], !!python/tuple [40.5, 84.5],
  !!python/tuple [40.5, 85.5], !!python/tuple [40.5, 86.5], !!python/tuple [40.5, 87.5], !!python/tuple [40.5, 88.5], !!python/tuple [40.5, 89.5],
  !!python/tuple [40.5, 90.5], !!python/tuple [40.5, 91.5], !!python/tuple [40.5, 92.5], !!python/tuple [40.5, 93.5], !!python/tuple [40.5, 94.5],
  !!python/tuple [40.5, 95.5], !!python/tuple [40.5, 96.5], !!python/tuple [40.5, 97.5], !!python/tuple [40.5, 98.5], !!python/tuple [40.5, 99.5],
  !!python/tuple [40.5, 100.5]]
  - [!!python/tuple [45.5, 40.5], !!python/tuple [45.5, 41.5], !!python/tuple [45.5, 42.5], !!python/tuple [45.5, 43.5], !!python/tuple [45.5, 44.5],
  !!python/tuple [45.5, 45.5], !!python/tuple [45.5, 46.5], !!python/tuple [45.5, 47.5]]
  - [!!python/tuple [45.5, 51.5], !!python/tuple [45.5, 52.5], !!python/tuple [45.5, 53.5], !!python/tuple [45.5, 54.5], !!python/tuple [45.5, 55.5]]
  - [!!python/tuple [63.5, 40.5], !!python/tuple [63.5, 41.5], !!python/tuple [63.5, 42.5], !!python/tuple [63.5, 43.5], !!python/tuple [63.5, 44.5],
  !!python/tuple [63.5, 45.5], !!python/tuple [63.5, 46.5], !!python/tuple [63.5, 47.5], !!python/tuple [63.5, 48.5], !!python/tuple [63.5, 49.5],
  !!python/tuple [63.5, 50.5], !!python/tuple [63.5, 51.5], !!python/tuple [63.5, 52.5], !!python/tuple [63.5, 53.5], !!python/tuple [63.5, 54.5],
  !!python/tuple [63.5, 55.5]]
  - [!!python/tuple [63.5, 40.5], !!python/tuple [63.5, 41.5], !!python/tuple [63.5, 42.5], !!python/tuple [63.5, 43.5], !!python/tuple [63.5, 44.5],
  !!python/tuple [63.5, 45.5], !!python/tuple [63.5, 46.5], !!python/tuple [63.5, 47.5], !!python/tuple [63.5, 48.5], !!python/tuple [63.5, 49.5],
  !!python/tuple [63.5, 50.5], !!python/tuple [63.5, 51.5], !!python/tuple [63.5, 52.5], !!python/tuple [63.5, 53.5], !!python/tuple [63.5, 54.5],
  !!python/tuple [63.5, 55.5]]
  - [!!python/tuple [67.5, 0.5], !!python/tuple [67.5, 1.5], !!python/tuple [67.5, 2.5], !!python/tuple [67.5, 3.5], !!python/tuple [67.5, 4.5],
  !!python/tuple [67.5, 5.5], !!python/tuple [67.5, 6.5], !!python/tuple [67.5, 7.5], !!python/tuple [67.5, 8.5], !!python/tuple [67.5, 9.5],
  !!python/tuple [67.5, 10.5], !!python/tuple [67.5, 11.5], !!python/tuple [67.5, 12.5], !!python/tuple [67.5, 13.5], !!python/tuple [67.5, 14.5],
  !!python/tuple [67.5, 15.5], !!python/tuple [67.5, 16.5], !!python/tuple [67.5, 17.5], !!python/tuple [67.5, 18.5], !!python/tuple [67.5, 19.5],
  !!python/tuple [67.5, 20.5], !!python/tuple [67.5, 21.5], !!python/tuple [67.5, 22.5], !!python/tuple [67.5, 23.5], !!python/tuple [67.5, 24.5],
  !!python/tuple [67.5, 25.5]]
  - [!!python/tuple [63.5, 40.5], !!python/tuple [63.5, 41.5], !!python/tuple [63.5, 42.5], !!python/tuple [63.5, 43.5], !!python/tuple [63.5, 44.5],
  !!python/tuple [63.5, 45.5], !!python/tuple [63.5, 46.5], !!python/tuple [63.5, 47.5], !!python/tuple [63.5, 48.5], !!python/tuple [63.5, 49.5],
  !!python/tuple [63.5, 50.5], !!python/tuple [63.5, 51.5], !!python/tuple [63.5, 52.5], !!python/tuple [63.5, 53.5], !!python/tuple [63.5, 54.5],
  !!python/tuple [63.5, 55.5]]
  - [!!python/tuple [75.5, 55.5], !!python/tuple [75.5, 56.5], !!python/tuple [75.5, 57.5], !!python/tuple [75.5, 58.5], !!python/tuple [75.5, 59.5],
  !!python/tuple [75.5, 60.5], !!python/tuple [75.5, 61.5], !!python/tuple [75.5, 62.5], !!python/tuple [75.5, 63.5], !!python/tuple [75.5, 64.5],
  !!python/tuple [75.5, 65.5], !!python/tuple [75.5, 66.5], !!python/tuple [75.5, 67.5], !!python/tuple [75.5, 68.5], !!python/tuple [75.5, 69.5],
  !!python/tuple [75.5, 70.5], !!python/tuple [75.5, 71.5], !!python/tuple [75.5, 72.5], !!python/tuple [75.5, 73.5], !!python/tuple [75.5, 74.5],
  !!python/tuple [75.5, 75.5]]
  - [!!python/tuple [75.5, 85.5], !!python/tuple [75.5, 86.5], !!python/tuple [75.5, 87.5], !!python/tuple [75.5, 88.5], !!python/tuple [75.5, 89.5],
  !!python/tuple [75.5, 90.5], !!python/tuple [75.5, 91.5], !!python/tuple [75.5, 92.5], !!python/tuple [75.5, 93.5], !!python/tuple [75.5, 94.5],
  !!python/tuple [75.5, 95.5], !!python/tuple [75.5, 96.5], !!python/tuple [75.5, 97.5], !!python/tuple [75.5, 98.5], !!python/tuple [75.5, 99.5],
  !!python/tuple [75.5, 100.5]]
  - [!!python/tuple [85.5, 6.5], !!python/tuple [85.5, 7.5], !!python/tuple [85.5, 8.5], !!python/tuple [85.5, 9.5], !!python/tuple [85.5, 10.5],
  !!python/tuple [85.5, 11.5], !!python/tuple [85.5, 12.5], !!python/tuple [85.5, 13.5], !!python/tuple [85.5, 14.5], !!python/tuple [85.5, 15.5],
  !!python/tuple [85.5, 16.5], !!python/tuple [85.5, 17.5], !!python/tuple [85.5, 18.5], !!python/tuple [85.5, 19.5], !!python/tuple [85.5, 20.5],
  !!python/tuple [85.5, 21.5], !!python/tuple [85.5, 22.5], !!python/tuple [85.5, 23.5], !!python/tuple [85.5, 24.5], !!python/tuple [85.5, 25.5],
  !!python/tuple [85.5, 26.5], !!python/tuple [85.5, 27.5], !!python/tuple [85.5, 28.5], !!python/tuple [85.5, 29.5], !!python/tuple [85.5, 30.5]]
  - [!!python/tuple [85.5, 60.5], !!python/tuple [85.5, 61.5], !!python/tuple [85.5, 62.5], !!python/tuple [85.5, 63.5], !!python/tuple [85.5, 64.5],
  !!python/tuple [85.5, 65.5], !!python/tuple [85.5, 66.5], !!python/tuple [85.5, 67.5], !!python/tuple [85.5, 68.5], !!python/tuple [85.5, 69.5],
  !!python/tuple [85.5, 70.5], !!python/tuple [85.5, 71.5], !!python/tuple [85.5, 72.5], !!python/tuple [85.5, 73.5], !!python/tuple [85.5, 74.5],
  !!python/tuple [85.5, 75.5]]
  - [!!python/tuple [85.5, 85.5], !!python/tuple [85.5, 86.5], !!python/tuple [85.5, 87.5], !!python/tuple [85.5, 88.5], !!python/tuple [85.5, 89.5],
  !!python/tuple [85.5, 90.5], !!python/tuple [85.5, 91.5], !!python/tuple [85.5, 92.5], !!python/tuple [85.5, 93.5], !!python/tuple [85.5, 94.5],
  !!python/tuple [85.5, 95.5], !!python/tuple [85.5, 96.5], !!python/tuple [85.5, 97.5], !!python/tuple [85.5, 98.5], !!python/tuple [85.5, 99.5],
  !!python/tuple [85.5, 100.5]]