n_rows: 50
n_cols: 50
task_states:
  - !!python/tuple [9, 38, 'P']
  - !!python/tuple [17, 6, 'D']
  - !!python/tuple [29, 35, 'C']
  - !!python/tuple [48, 2, 'L']
  - !!python/tuple [41, 38, 'T']
  - !!python/tuple [40, 10, 'O']
walls:
  - [!!python/tuple [0.5, 0.5], !!python/tuple [0.5, 1.5], !!python/tuple [0.5, 2.5], !!python/tuple [0.5, 3.5], !!python/tuple [0.5, 4.5],
  !!python/tuple [0.5, 5.5], !!python/tuple [0.5, 6.5], !!python/tuple [0.5, 7.5], !!python/tuple [0.5, 8.5], !!python/tuple [0.5, 9.5],
  !!python/tuple [0.5, 10.5], !!python/tuple [0.5, 11.5], !!python/tuple [0.5, 12.5], !!python/tuple [0.5, 13.5], !!python/tuple [0.5, 14.5],
  !!python/tuple [0.5, 15.5], !!python/tuple [0.5, 16.5], !!python/tuple [0.5, 17.5], !!python/tuple [0.5, 18.5], !!python/tuple [0.5, 19.5],
  !!python/tuple [0.5, 20.5], !!python/tuple [0.5, 21.5], !!python/tuple [0.5, 22.5], !!python/tuple [0.5, 23.5], !!python/tuple [0.5, 24.5],
  !!python/tuple [0.5, 25.5], !!python/tuple [0.5, 26.5], !!python/tuple [0.5, 27.5], !!python/tuple [0.5, 28.5], !!python/tuple [0.5, 29.5],
  !!python/tuple [0.5, 30.5], !!python/tuple [0.5, 31.5], !!python/tuple [0.5, 32.5], !!python/tuple [0.5, 33.5], !!python/tuple [0.5, 34.5],
  !!python/tuple [0.5, 35.5], !!python/tuple [0.5, 36.5], !!python/tuple [0.5, 37.5], !!python/tuple [0.5, 38.5], !!python/tuple [0.5, 39.5],
  !!python/tuple [0.5, 40.5], !!python/tuple [0.5, 41.5], !!python/tuple [0.5, 42.5], !!python/tuple [0.5, 43.5], !!python/tuple [0.5, 44.5],
  !!python/tuple [0.5, 45.5], !!python/tuple [0.5, 46.5], !!python/tuple [0.5, 47.5], !!python/tuple [0.5, 48.5], !!python/tuple [0.5, 49.5],
  !!python/tuple [0.5, 50.5]]
  - [!!python/tuple [50.5, 0.5], !!python/tuple [50.5, 1.5], !!python/tuple [50.5, 2.5], !!python/tuple [50.5, 3.5], !!python/tuple [50.5, 4.5],
  !!python/tuple [50.5, 5.5], !!python/tuple [50.5, 6.5], !!python/tuple [50.5, 7.5], !!python/tuple [50.5, 8.5], !!python/tuple [50.5, 9.5],
  !!python/tuple [50.5, 10.5], !!python/tuple [50.5, 11.5], !!python/tuple [50.5, 12.5], !!python/tuple [50.5, 13.5], !!python/tuple [50.5, 14.5],
  !!python/tuple [50.5, 15.5], !!python/tuple [50.5, 16.5], !!python/tuple [50.5, 17.5], !!python/tuple [50.5, 18.5], !!python/tuple [50.5, 19.5],
  !!python/tuple [50.5, 20.5], !!python/tuple [50.5, 21.5], !!python/tuple [50.5, 22.5], !!python/tuple [50.5, 23.5], !!python/tuple [50.5, 24.5],
  !!python/tuple [50.5, 25.5], !!python/tuple [50.5, 26.5], !!python/tuple [50.5, 27.5], !!python/tuple [50.5, 28.5], !!python/tuple [50.5, 29.5],
  !!python/tuple [50.5, 30.5], !!python/tuple [50.5, 31.5], !!python/tuple [50.5, 32.5], !!python/tuple [50.5, 33.5], !!python/tuple [50.5, 34.5],
  !!python/tuple [50.5, 35.5], !!python/tuple [50.5, 36.5], !!python/tuple [50.5, 37.5], !!python/tuple [50.5, 38.5], !!python/tuple [50.5, 39.5],
  !!python/tuple [50.5, 40.5], !!python/tuple [50.5, 41.5], !!python/tuple [50.5, 42.5], !!python/tuple [50.5, 43.5], !!python/tuple [50.5, 44.5],
  !!python/tuple [50.5, 45.5], !!python/tuple [50.5, 46.5], !!python/tuple [50.5, 47.5], !!python/tuple [50.5, 48.5], !!python/tuple [50.5, 49.5],
  !!python/tuple [50.5, 50.5]]
  - [!!python/tuple [0.5, 0.5], !!python/tuple [1.5, 0.5], !!python/tuple [2.5, 0.5], !!python/tuple [3.5, 0.5], !!python/tuple [4.5, 0.5],
  !!python/tuple [5.5, 0.5], !!python/tuple [6.5, 0.5], !!python/tuple [7.5, 0.5], !!python/tuple [8.5, 0.5], !!python/tuple [9.5, 0.5],
  !!python/tuple [10.5, 0.5], !!python/tuple [11.5, 0.5], !!python/tuple [12.5, 0.5], !!python/tuple [13.5, 0.5], !!python/tuple [14.5, 0.5],
  !!python/tuple [15.5, 0.5], !!python/tuple [16.5, 0.5], !!python/tuple [17.5, 0.5], !!python/tuple [18.5, 0.5], !!python/tuple [19.5, 0.5],
  !!python/tuple [20.5, 0.5], !!python/tuple [21.5, 0.5], !!python/tuple [22.5, 0.5], !!python/tuple [23.5, 0.5], !!python/tuple [24.5, 0.5],
  !!python/tuple [25.5, 0.5], !!python/tuple [26.5, 0.5], !!python/tuple [27.5, 0.5], !!python/tuple [28.5, 0.5], !!python/tuple [29.5, 0.5],
  !!python/tuple [30.5, 0.5], !!python/tuple [31.5, 0.5], !!python/tuple [32.5, 0.5], !!python/tuple [33.5, 0.5], !!python/tuple [34.5, 0.5],
  !!python/tuple [35.5, 0.5], !!python/tuple [36.5, 0.5], !!python/tuple [37.5, 0.5], !!python/tuple [38.5, 0.5], !!python/tuple [39.5, 0.5],
  !!python/tuple [40.5, 0.5], !!python/tuple [41.5, 0.5], !!python/tuple [42.5, 0.5], !!python/tuple [43.5, 0.5], !!python/tuple [44.5, 0.5],
  !!python/tuple [45.5, 0.5], !!python/tuple [46.5, 0.5], !!python/tuple [47.5, 0.5], !!python/tuple [48.5, 0.5], !!python/tuple [49.5, 0.5],
  !!python/tuple [50.5, 0.5]]
  - [!!python/tuple [0.5, 50.5], !!python/tuple [1.5, 50.5], !!python/tuple [2.5, 50.5], !!python/tuple [3.5, 50.5], !!python/tuple [4.5, 50.5],
  !!python/tuple [5.5, 50.5], !!python/tuple [6.5, 50.5], !!python/tuple [7.5, 50.5], !!python/tuple [8.5, 50.5], !!python/tuple [9.5, 50.5],
  !!python/tuple [10.5, 50.5], !!python/tuple [11.5, 50.5], !!python/tuple [12.5, 50.5], !!python/tuple [13.5, 50.5], !!python/tuple [14.5, 50.5],
  !!python/tuple [15.5, 50.5], !!python/tuple [16.5, 50.5], !!python/tuple [17.5, 50.5], !!python/tuple [18.5, 50.5], !!python/tuple [19.5, 50.5],
  !!python/tuple [20.5, 50.5], !!python/tuple [21.5, 50.5], !!python/tuple [22.5, 50.5], !!python/tuple [23.5, 50.5], !!python/tuple [24.5, 50.5],
  !!python/tuple [25.5, 50.5], !!python/tuple [26.5, 50.5], !!python/tuple [27.5, 50.5], !!python/tuple [28.5, 50.5], !!python/tuple [29.5, 50.5],
  !!python/tuple [30.5, 50.5], !!python/tuple [31.5, 50.5], !!python/tuple [32.5, 50.5], !!python/tuple [33.5, 50.5], !!python/tuple [34.5, 50.5],
  !!python/tuple [35.5, 50.5], !!python/tuple [36.5, 50.5], !!python/tuple [37.5, 50.5], !!python/tuple [38.5, 50.5], !!python/tuple [39.5, 50.5],
  !!python/tuple [40.5, 50.5], !!python/tuple [41.5, 50.5], !!python/tuple [42.5, 50.5], !!python/tuple [43.5, 50.5], !!python/tuple [44.5, 50.5],
  !!python/tuple [45.5, 50.5], !!python/tuple [46.5, 50.5], !!python/tuple [47.5, 50.5], !!python/tuple [48.5, 50.5], !!python/tuple [49.5, 50.5],
  !!python/tuple [50.5, 50.5]]
  - [!!python/tuple [6.5, 5.5], !!python/tuple [7.5, 5.5], !!python/tuple [8.5, 5.5], !!python/tuple [9.5, 5.5], !!python/tuple [10.5, 5.5],
  !!python/tuple [11.5, 5.5], !!python/tuple [12.5, 5.5], !!python/tuple [13.5, 5.5], !!python/tuple [14.5, 5.5], !!python/tuple [15.5, 5.5],
  !!python/tuple [16.5, 5.5], !!python/tuple [17.5, 5.5], !!python/tuple [18.5, 5.5], !!python/tuple [19.5, 5.5], !!python/tuple [20.5, 5.5],
  !!python/tuple [21.5, 5.5], !!python/tuple [22.5, 5.5], !!python/tuple [23.5, 5.5], !!python/tuple [24.5, 5.5], !!python/tuple [25.5, 5.5],
  !!python/tuple [26.5, 5.5], !!python/tuple [27.5, 5.5], !!python/tuple [28.5, 5.5], !!python/tuple [29.5, 5.5], !!python/tuple [30.5, 5.5],
  !!python/tuple [31.5, 5.5], !!python/tuple [32.5, 5.5], !!python/tuple [33.5, 5.5], !!python/tuple [34.5, 5.5], !!python/tuple [35.5, 5.5],
  !!python/tuple [36.5, 5.5], !!python/tuple [37.5, 5.5], !!python/tuple [38.5, 5.5], !!python/tuple [39.5, 5.5], !!python/tuple [40.5, 5.5],
  !!python/tuple [41.5, 5.5], !!python/tuple [42.5, 5.5], !!python/tuple [43.5, 5.5]]
  - [!!python/tuple [47.5, 7.5], !!python/tuple [48.5, 7.5], !!python/tuple [49.5, 7.5], !!python/tuple [50.5, 7.5]]
  - [!!python/tuple [35.5, 15.5], !!python/tuple [36.5, 15.5], !!python/tuple [37.5, 15.5], !!python/tuple [38.5, 15.5], !!python/tuple [39.5, 15.5],
  !!python/tuple [40.5, 15.5], !!python/tuple [41.5, 15.5], !!python/tuple [42.5, 15.5], !!python/tuple [43.5, 15.5]]
  - [!!python/tuple [9.5, 25.5], !!python/tuple [10.5, 25.5], !!python/tuple [11.5, 25.5], !!python/tuple [12.5, 25.5], !!python/tuple [13.5, 25.5],
  !!python/tuple [14.5, 25.5], !!python/tuple [15.5, 25.5], !!python/tuple [16.5, 25.5], !!python/tuple [17.5, 25.5], !!python/tuple [18.5, 25.5],
  !!python/tuple [19.5, 25.5], !!python/tuple [20.5, 25.5], !!python/tuple [21.5, 25.5], !!python/tuple [22.5, 25.5], !!python/tuple [23.5, 25.5],
  !!python/tuple [24.5, 25.5], !!python/tuple [25.5, 25.5], !!python/tuple [26.5, 25.5], !!python/tuple [27.5, 25.5], !!python/tuple [28.5, 25.5],
  !!python/tuple [29.5, 25.5], !!python/tuple [30.5, 25.5], !!python/tuple [31.5, 25.5], !!python/tuple [32.5, 25.5]]
  - [!!python/tuple [35.5, 35.5], !!python/tuple [36.5, 35.5], !!python/tuple [37.5, 35.5], !!python/tuple [38.5, 35.5], !!python/tuple [39.5, 35.5],
  !!python/tuple [40.5, 35.5], !!python/tuple [41.5, 35.5], !!python/tuple [42.5, 35.5], !!python/tuple [43.5, 35.5], !!python/tuple [44.5, 35.5],
  !!python/tuple [45.5, 35.5]]
  - [!!python/tuple [6.5, 40.5], !!python/tuple [7.5, 40.5], !!python/tuple [8.5, 40.5], !!python/tuple [9.5, 40.5], !!python/tuple [10.5, 40.5],
  !!python/tuple [11.5, 40.5]]
  - [!!python/tuple [13.5, 40.5], !!python/tuple [14.5, 40.5], !!python/tuple [15.5, 40.5], !!python/tuple [16.5, 40.5], !!python/tuple [17.5, 40.5],
  !!python/tuple [18.5, 40.5], !!python/tuple [19.5, 40.5], !!python/tuple [20.5, 40.5], !!python/tuple [21.5, 40.5], !!python/tuple [22.5, 40.5],
  !!python/tuple [23.5, 40.5], !!python/tuple [24.5, 40.5], !!python/tuple [25.5, 40.5]]
  - [!!python/tuple [27.5, 40.5], !!python/tuple [28.5, 40.5], !!python/tuple [29.5, 40.5], !!python/tuple [30.5, 40.5], !!python/tuple [31.5, 40.5],
  !!python/tuple [32.5, 40.5]]
  - [!!python/tuple [35.5, 43.5], !!python/tuple [36.5, 43.5], !!python/tuple [37.5, 43.5], !!python/tuple [38.5, 43.5], !!python/tuple [39.5, 43.5],
  !!python/tuple [40.5, 43.5], !!python/tuple [41.5, 43.5], !!python/tuple [42.5, 43.5], !!python/tuple [43.5, 43.5], !!python/tuple [44.5, 43.5],
  !!python/tuple [45.5, 43.5]]
  - [!!python/tuple [3.5, 45.5], !!python/tuple [4.5, 45.5], !!python/tuple [5.5, 45.5], !!python/tuple [6.5, 45.5], !!python/tuple [7.5, 45.5],
  !!python/tuple [8.5, 45.5], !!python/tuple [9.5, 45.5], !!python/tuple [10.5, 45.5], !!python/tuple [11.5, 45.5], !!python/tuple [12.5, 45.5],
  !!python/tuple [13.5, 45.5], !!python/tuple [14.5, 45.5]]
  - [!!python/tuple [16.5, 45.5], !!python/tuple [17.5, 45.5], !!python/tuple [18.5, 45.5], !!python/tuple [19.5, 45.5], !!python/tuple [20.5, 45.5],
  !!python/tuple [21.5, 45.5], !!python/tuple [22.5, 45.5], !!python/tuple [23.5, 45.5], !!python/tuple [24.5, 45.5], !!python/tuple [25.5, 45.5],
  !!python/tuple [26.5, 45.5], !!python/tuple [27.5, 45.5], !!python/tuple [28.5, 45.5], !!python/tuple [29.5, 45.5], !!python/tuple [30.5, 45.5],
  !!python/tuple [31.5, 45.5], !!python/tuple [32.5, 45.5], !!python/tuple [33.5, 45.5], !!python/tuple [34.5, 45.5]]
  - [!!python/tuple [36.5, 45.5], !!python/tuple [37.5, 45.5], !!python/tuple [38.5, 45.5], !!python/tuple [39.5, 45.5], !!python/tuple [40.5, 45.5],
  !!python/tuple [41.5, 45.5], !!python/tuple [42.5, 45.5], !!python/tuple [43.5, 45.5], !!python/tuple [44.5, 45.5], !!python/tuple [45.5, 45.5],
  !!python/tuple [46.5, 45.5], !!python/tuple [47.5, 45.5]]
  - [!!python/tuple [3.5, 10.5], !!python/tuple [3.5, 11.5], !!python/tuple [3.5, 12.5], !!python/tuple [3.5, 13.5], !!python/tuple [3.5, 14.5],
  !!python/tuple [3.5, 15.5], !!python/tuple [3.5, 16.5], !!python/tuple [3.5, 17.5], !!python/tuple [3.5, 18.5], !!python/tuple [3.5, 19.5],
  !!python/tuple [3.5, 20.5], !!python/tuple [3.5, 21.5], !!python/tuple [3.5, 22.5], !!python/tuple [3.5, 23.5], !!python/tuple [3.5, 24.5],
  !!python/tuple [3.5, 25.5], !!python/tuple [3.5, 26.5], !!python/tuple [3.5, 27.5], !!python/tuple [3.5, 28.5], !!python/tuple [3.5, 29.5],
  !!python/tuple [3.5, 30.5], !!python/tuple [3.5, 31.5], !!python/tuple [3.5, 32.5], !!python/tuple [3.5, 33.5], !!python/tuple [3.5, 34.5],
  !!python/tuple [3.5, 35.5], !!python/tuple [3.5, 36.5], !!python/tuple [3.5, 37.5], !!python/tuple [3.5, 38.5], !!python/tuple [3.5, 39.5],
  !!python/tuple [3.5, 40.5], !!python/tuple [3.5, 41.5], !!python/tuple [3.5, 42.5], !!python/tuple [3.5, 43.5], !!python/tuple [3.5, 44.5],
  !!python/tuple [3.5, 45.5]]
  - [!!python/tuple [6.5, 0.5], !!python/tuple [6.5, 1.5], !!python/tuple [6.5, 2.5], !!python/tuple [6.5, 3.5], !!python/tuple [6.5, 4.5],
  !!python/tuple [6.5, 5.5]]
  - [!!python/tuple [6.5, 25.5], !!python/tuple [6.5, 26.5], !!python/tuple [6.5, 27.5], !!python/tuple [6.5, 28.5], !!python/tuple [6.5, 29.5],
  !!python/tuple [6.5, 30.5], !!python/tuple [6.5, 31.5], !!python/tuple [6.5, 32.5], !!python/tuple [6.5, 33.5], !!python/tuple [6.5, 34.5],
  !!python/tuple [6.5, 35.5], !!python/tuple [6.5, 36.5], !!python/tuple [6.5, 37.5], !!python/tuple [6.5, 38.5], !!python/tuple [6.5, 39.5],
  !!python/tuple [6.5, 40.5]]
  - [!!python/tuple [20.5, 25.5], !!python/tuple [20.5, 26.5], !!python/tuple [20.5, 27.5], !!python/tuple [20.5, 28.5], !!python/tuple [20.5, 29.5],
  !!python/tuple [20.5, 30.5]]
  - [!!python/tuple [20.5, 32.5], !!python/tuple [20.5, 33.5], !!python/tuple [20.5, 34.5], !!python/tuple [20.5, 35.5], !!python/tuple [20.5, 36.5],
  !!python/tuple [20.5, 37.5], !!python/tuple [20.5, 38.5], !!python/tuple [20.5, 39.5], !!python/tuple [20.5, 40.5]]
  - [!!python/tuple [24.5, 5.5], !!python/tuple [24.5, 6.5], !!python/tuple [24.5, 7.5], !!python/tuple [24.5, 8.5], !!python/tuple [24.5, 9.5],
  !!python/tuple [24.5, 10.5], !!python/tuple [24.5, 11.5], !!python/tuple [24.5, 12.5], !!python/tuple [24.5, 13.5]]
  - [!!python/tuple [24.5, 15.5], !!python/tuple [24.5, 16.5], !!python/tuple [24.5, 17.5], !!python/tuple [24.5, 18.5], !!python/tuple [24.5, 19.5],
  !!python/tuple [24.5, 20.5], !!python/tuple [24.5, 21.5], !!python/tuple [24.5, 22.5], !!python/tuple [24.5, 23.5], !!python/tuple [24.5, 24.5],
  !!python/tuple [24.5, 25.5]]
  - [!!python/tuple [32.5, 25.5], !!python/tuple [32.5, 26.5], !!python/tuple [32.5, 27.5], !!python/tuple [32.5, 28.5], !!python/tuple [32.5, 29.5],
  !!python/tuple [32.5, 30.5]]
  - [!!python/tuple [32.5, 32.5], !!python/tuple [32.5, 33.5], !!python/tuple [32.5, 34.5], !!python/tuple [32.5, 35.5], !!python/tuple [32.5, 36.5],
  !!python/tuple [32.5, 37.5], !!python/tuple [32.5, 38.5], !!python/tuple [32.5, 39.5], !!python/tuple [32.5, 40.5]]
  - [!!python/tuple [35.5, 35.5], !!python/tuple [35.5, 36.5], !!python/tuple [35.5, 37.5]]
  - [!!python/tuple [35.5, 39.5], !!python/tuple [35.5, 40.5], !!python/tuple [35.5, 41.5], !!python/tuple [35.5, 42.5], !!python/tuple [35.5, 43.5]]
  - [!!python/tuple [35.5, 5.5], !!python/tuple [35.5, 6.5], !!python/tuple [35.5, 7.5], !!python/tuple [35.5, 8.5], !!python/tuple [35.5, 9.5],
  !!python/tuple [35.5, 10.5], !!python/tuple [35.5, 11.5]]
  - [!!python/tuple [35.5, 13.5], !!python/tuple [35.5, 14.5], !!python/tuple [35.5, 15.5]]
  - [!!python/tuple [43.5, 0.5], !!python/tuple [43.5, 1.5], !!python/tuple [43.5, 2.5], !!python/tuple [43.5, 3.5], !!python/tuple [43.5, 4.5],
  !!python/tuple [43.5, 5.5], !!python/tuple [43.5, 6.5], !!python/tuple [43.5, 7.5], !!python/tuple [43.5, 8.5], !!python/tuple [43.5, 9.5],
  !!python/tuple [43.5, 10.5], !!python/tuple [43.5, 11.5]]
  - [!!python/tuple [43.5, 13.5], !!python/tuple [43.5, 14.5], !!python/tuple [43.5, 15.5]]
  - [!!python/tuple [45.5, 35.5], !!python/tuple [45.5, 36.5], !!python/tuple [45.5, 37.5], !!python/tuple [45.5, 38.5], !!python/tuple [45.5, 39.5]]
  - [!!python/tuple [45.5, 41.5], !!python/tuple [45.5, 42.5], !!python/tuple [45.5, 43.5]]
  - [!!python/tuple [47.5, 7.5], !!python/tuple [47.5, 8.5], !!python/tuple [47.5, 9.5], !!python/tuple [47.5, 10.5], !!python/tuple [47.5, 11.5],
  !!python/tuple [47.5, 12.5], !!python/tuple [47.5, 13.5]]
  - [!!python/tuple [47.5, 16.5], !!python/tuple [47.5, 17.5], !!python/tuple [47.5, 18.5], !!python/tuple [47.5, 19.5], !!python/tuple [47.5, 20.5],
  !!python/tuple [47.5, 21.5], !!python/tuple [47.5, 22.5], !!python/tuple [47.5, 23.5], !!python/tuple [47.5, 24.5], !!python/tuple [47.5, 25.5],
  !!python/tuple [47.5, 26.5], !!python/tuple [47.5, 27.5], !!python/tuple [47.5, 28.5], !!python/tuple [47.5, 29.5], !!python/tuple [47.5, 30.5],
  !!python/tuple [47.5, 31.5], !!python/tuple [47.5, 32.5], !!python/tuple [47.5, 33.5], !!python/tuple [47.5, 34.5], !!python/tuple [47.5, 35.5],
  !!python/tuple [47.5, 36.5]]
  - [!!python/tuple [47.5, 38.5], !!python/tuple [47.5, 39.5], !!python/tuple [47.5, 40.5], !!python/tuple [47.5, 41.5], !!python/tuple [47.5, 42.5],
  !python/tuple [47.5, 43.5], !!python/tuple [47.5, 44.5], !!python/tuple [47.5, 45.5]]
tasks: ['P', 'D', 'C', 'L', 'T', 'O']