n_rows: 60
n_cols: 60
task_states:
  - !!python/tuple [10, 6, 'P']
  - !!python/tuple [12, 32, 'D']
  - !!python/tuple [7, 50, 'C']
  - !!python/tuple [51, 3, 'L']
  - !!python/tuple [58, 32, 'T']
  - !!python/tuple [55, 55, 'O']
tasks: ['C', 'D', 'L', 'O', 'P', 'T']
walls:
  - [!!python/tuple [0.5, 0.5], !!python/tuple [0.5, 1.5], !!python/tuple [0.5, 2.5], !!python/tuple [0.5, 3.5], !!python/tuple [0.5, 4.5],
  !!python/tuple [0.5, 5.5], !!python/tuple [0.5, 6.5], !!python/tuple [0.5, 7.5], !!python/tuple [0.5, 8.5], !!python/tuple [0.5, 9.5],
  !!python/tuple [0.5, 10.5], !!python/tuple [0.5, 11.5], !!python/tuple [0.5, 12.5], !!python/tuple [0.5, 13.5], !!python/tuple [0.5, 14.5],
  !!python/tuple [0.5, 15.5], !!python/tuple [0.5, 16.5], !!python/tuple [0.5, 17.5], !!python/tuple [0.5, 18.5], !!python/tuple [0.5, 19.5],
  !!python/tuple [0.5, 20.5], !!python/tuple [0.5, 21.5], !!python/tuple [0.5, 22.5], !!python/tuple [0.5, 23.5], !!python/tuple [0.5, 24.5],
  !!python/tuple [0.5, 25.5], !!python/tuple [0.5, 26.5], !!python/tuple [0.5, 27.5], !!python/tuple [0.5, 28.5], !!python/tuple [0.5, 29.5],
  !!python/tuple [0.5, 30.5], !!python/tuple [0.5, 31.5], !!python/tuple [0.5, 32.5], !!python/tuple [0.5, 33.5], !!python/tuple [0.5, 34.5],
  !!python/tuple [0.5, 35.5], !!python/tuple [0.5, 36.5], !!python/tuple [0.5, 37.5], !!python/tuple [0.5, 38.5], !!python/tuple [0.5, 39.5],
  !!python/tuple [0.5, 40.5], !!python/tuple [0.5, 41.5], !!python/tuple [0.5, 42.5], !!python/tuple [0.5, 43.5], !!python/tuple [0.5, 44.5],
  !!python/tuple [0.5, 45.5], !!python/tuple [0.5, 46.5], !!python/tuple [0.5, 47.5], !!python/tuple [0.5, 48.5], !!python/tuple [0.5, 49.5],
  !!python/tuple [0.5, 50.5], !!python/tuple [0.5, 51.5], !!python/tuple [0.5, 52.5], !!python/tuple [0.5, 53.5], !!python/tuple [0.5, 54.5],
  !!python/tuple [0.5, 55.5], !!python/tuple [0.5, 56.5], !!python/tuple [0.5, 57.5], !!python/tuple [0.5, 58.5], !!python/tuple [0.5, 59.5],
  !!python/tuple [0.5, 60.5]]
  - [!!python/tuple [60.5, 0.5], !!python/tuple [60.5, 1.5], !!python/tuple [60.5, 2.5], !!python/tuple [60.5, 3.5], !!python/tuple [60.5, 4.5],
  !!python/tuple [60.5, 5.5], !!python/tuple [60.5, 6.5], !!python/tuple [60.5, 7.5], !!python/tuple [60.5, 8.5], !!python/tuple [60.5, 9.5],
  !!python/tuple [60.5, 10.5], !!python/tuple [60.5, 11.5], !!python/tuple [60.5, 12.5], !!python/tuple [60.5, 13.5], !!python/tuple [60.5, 14.5],
  !!python/tuple [60.5, 15.5], !!python/tuple [60.5, 16.5], !!python/tuple [60.5, 17.5], !!python/tuple [60.5, 18.5], !!python/tuple [60.5, 19.5],
  !!python/tuple [60.5, 20.5], !!python/tuple [60.5, 21.5], !!python/tuple [60.5, 22.5], !!python/tuple [60.5, 23.5], !!python/tuple [60.5, 24.5],
  !!python/tuple [60.5, 25.5], !!python/tuple [60.5, 26.5], !!python/tuple [60.5, 27.5], !!python/tuple [60.5, 28.5], !!python/tuple [60.5, 29.5],
  !!python/tuple [60.5, 30.5], !!python/tuple [60.5, 31.5], !!python/tuple [60.5, 32.5], !!python/tuple [60.5, 33.5], !!python/tuple [60.5, 34.5],
  !!python/tuple [60.5, 35.5], !!python/tuple [60.5, 36.5], !!python/tuple [60.5, 37.5], !!python/tuple [60.5, 38.5], !!python/tuple [60.5, 39.5],
  !!python/tuple [60.5, 40.5], !!python/tuple [60.5, 41.5], !!python/tuple [60.5, 42.5], !!python/tuple [60.5, 43.5], !!python/tuple [60.5, 44.5],
  !!python/tuple [60.5, 45.5], !!python/tuple [60.5, 46.5], !!python/tuple [60.5, 47.5], !!python/tuple [60.5, 48.5], !!python/tuple [60.5, 49.5],
  !!python/tuple [60.5, 50.5], !!python/tuple [60.5, 51.5], !!python/tuple [60.5, 52.5], !!python/tuple [60.5, 53.5], !!python/tuple [60.5, 54.5],
  !!python/tuple [60.5, 55.5], !!python/tuple [60.5, 56.5], !!python/tuple [60.5, 57.5], !!python/tuple [60.5, 58.5], !!python/tuple [60.5, 59.5],
  !!python/tuple [60.5, 60.5]]
  - [!!python/tuple [0.5, 0.5], !!python/tuple [1.5, 0.5], !!python/tuple [2.5, 0.5], !!python/tuple [3.5, 0.5], !!python/tuple [4.5, 0.5],
  !!python/tuple [5.5, 0.5], !!python/tuple [6.5, 0.5], !!python/tuple [7.5, 0.5], !!python/tuple [8.5, 0.5], !!python/tuple [9.5, 0.5],
  !!python/tuple [10.5, 0.5], !!python/tuple [11.5, 0.5], !!python/tuple [12.5, 0.5], !!python/tuple [13.5, 0.5], !!python/tuple [14.5, 0.5],
  !!python/tuple [15.5, 0.5], !!python/tuple [16.5, 0.5], !!python/tuple [17.5, 0.5], !!python/tuple [18.5, 0.5], !!python/tuple [19.5, 0.5],
  !!python/tuple [20.5, 0.5], !!python/tuple [21.5, 0.5], !!python/tuple [22.5, 0.5], !!python/tuple [23.5, 0.5], !!python/tuple [24.5, 0.5],
  !!python/tuple [25.5, 0.5], !!python/tuple [26.5, 0.5], !!python/tuple [27.5, 0.5], !!python/tuple [28.5, 0.5], !!python/tuple [29.5, 0.5],
  !!python/tuple [30.5, 0.5], !!python/tuple [31.5, 0.5], !!python/tuple [32.5, 0.5], !!python/tuple [33.5, 0.5], !!python/tuple [34.5, 0.5],
  !!python/tuple [35.5, 0.5], !!python/tuple [36.5, 0.5], !!python/tuple [37.5, 0.5], !!python/tuple [38.5, 0.5], !!python/tuple [39.5, 0.5],
  !!python/tuple [40.5, 0.5], !!python/tuple [41.5, 0.5], !!python/tuple [42.5, 0.5], !!python/tuple [43.5, 0.5], !!python/tuple [44.5, 0.5],
  !!python/tuple [45.5, 0.5], !!python/tuple [46.5, 0.5], !!python/tuple [47.5, 0.5], !!python/tuple [48.5, 0.5], !!python/tuple [49.5, 0.5],
  !!python/tuple [50.5, 0.5], !!python/tuple [51.5, 0.5], !!python/tuple [52.5, 0.5], !!python/tuple [53.5, 0.5], !!python/tuple [54.5, 0.5],
  !!python/tuple [55.5, 0.5], !!python/tuple [56.5, 0.5], !!python/tuple [57.5, 0.5], !!python/tuple [58.5, 0.5], !!python/tuple [59.5, 0.5],
  !!python/tuple [60.5, 0.5]]
  - [!!python/tuple [0.5, 60.5], !!python/tuple [1.5, 60.5], !!python/tuple [2.5, 60.5], !!python/tuple [3.5, 60.5], !!python/tuple [4.5, 60.5],
  !!python/tuple [5.5, 60.5], !!python/tuple [6.5, 60.5], !!python/tuple [7.5, 60.5], !!python/tuple [8.5, 60.5], !!python/tuple [9.5, 60.5],
  !!python/tuple [10.5, 60.5], !!python/tuple [11.5, 60.5], !!python/tuple [12.5, 60.5], !!python/tuple [13.5, 60.5], !!python/tuple [14.5, 60.5],
  !!python/tuple [15.5, 60.5], !!python/tuple [16.5, 60.5], !!python/tuple [17.5, 60.5], !!python/tuple [18.5, 60.5], !!python/tuple [19.5, 60.5],
  !!python/tuple [20.5, 60.5], !!python/tuple [21.5, 60.5], !!python/tuple [22.5, 60.5], !!python/tuple [23.5, 60.5], !!python/tuple [24.5, 60.5],
  !!python/tuple [25.5, 60.5], !!python/tuple [26.5, 60.5], !!python/tuple [27.5, 60.5], !!python/tuple [28.5, 60.5], !!python/tuple [29.5, 60.5],
  !!python/tuple [30.5, 60.5], !!python/tuple [31.5, 60.5], !!python/tuple [32.5, 60.5], !!python/tuple [33.5, 60.5], !!python/tuple [34.5, 60.5],
  !!python/tuple [35.5, 60.5], !!python/tuple [36.5, 60.5], !!python/tuple [37.5, 60.5], !!python/tuple [38.5, 60.5], !!python/tuple [39.5, 60.5],
  !!python/tuple [40.5, 60.5], !!python/tuple [41.5, 60.5], !!python/tuple [42.5, 60.5], !!python/tuple [43.5, 60.5], !!python/tuple [44.5, 60.5],
  !!python/tuple [45.5, 60.5], !!python/tuple [46.5, 60.5], !!python/tuple [47.5, 60.5], !!python/tuple [48.5, 60.5], !!python/tuple [49.5, 60.5],
  !!python/tuple [50.5, 60.5], !!python/tuple [51.5, 60.5], !!python/tuple [52.5, 60.5], !!python/tuple [53.5, 60.5], !!python/tuple [54.5, 60.5],
  !!python/tuple [55.5, 60.5], !!python/tuple [56.5, 60.5], !!python/tuple [57.5, 60.5], !!python/tuple [58.5, 60.5], !!python/tuple [59.5, 60.5],
  !!python/tuple [60.5, 60.5]]
  - [!!python/tuple [11.5, 40.5], !!python/tuple [11.5, 41.5], !!python/tuple [11.5, 42.5], !!python/tuple [11.5, 43.5], !!python/tuple [11.5, 44.5],
  !!python/tuple [11.5, 45.5]]
  - [!!python/tuple [15.5, 40.5], !!python/tuple [15.5, 41.5], !!python/tuple [15.5, 42.5], !!python/tuple [15.5, 43.5], !!python/tuple [15.5, 44.5],
  !!python/tuple [15.5, 45.5]]
  - [!!python/tuple [18.5, 45.5], !!python/tuple [18.5, 46.5], !!python/tuple [18.5, 47.5], !!python/tuple [18.5, 48.5], !!python/tuple [18.5, 49.5],
  !!python/tuple [18.5, 50.5], !!python/tuple [18.5, 51.5], !!python/tuple [18.5, 52.5]]
  - [!!python/tuple [19.5, 0.5], !!python/tuple [19.5, 1.5], !!python/tuple [19.5, 2.5], !!python/tuple [19.5, 3.5], !!python/tuple [19.5, 4.5],
  !!python/tuple [19.5, 5.5], !!python/tuple [19.5, 6.5], !!python/tuple [19.5, 7.5], !!python/tuple [19.5, 8.5], !!python/tuple [19.5, 9.5],
  !!python/tuple [19.5, 10.5], !!python/tuple [19.5, 11.5], !!python/tuple [19.5, 12.5]]
  - [!!python/tuple [21.5, 45.5], !!python/tuple [21.5, 46.5], !!python/tuple [21.5, 47.5], !!python/tuple [21.5, 48.5], !!python/tuple [21.5, 49.5],
  !!python/tuple [21.5, 50.5], !!python/tuple [21.5, 51.5], !!python/tuple [21.5, 52.5]]
  - [!!python/tuple [23.5, 28.5], !!python/tuple [23.5, 29.5], !!python/tuple [23.5, 30.5], !!python/tuple [23.5, 31.5], !!python/tuple [23.5, 32.5],
  !!python/tuple [23.5, 33.5], !!python/tuple [23.5, 34.5]]
  - [!!python/tuple [24.5, 0.5], !!python/tuple [24.5, 1.5], !!python/tuple [24.5, 2.5], !!python/tuple [24.5, 3.5], !!python/tuple [24.5, 4.5],
  !!python/tuple [24.5, 5.5], !!python/tuple [24.5, 6.5], !!python/tuple [24.5, 7.5], !!python/tuple [24.5, 8.5], !!python/tuple [24.5, 9.5],
  !!python/tuple [24.5, 10.5], !!python/tuple [24.5, 11.5], !!python/tuple [24.5, 12.5]]
  - [!!python/tuple [24.5, 16.5], !!python/tuple [24.5, 17.5], !!python/tuple [24.5, 18.5], !!python/tuple [24.5, 19.5], !!python/tuple [24.5, 20.5],
  !!python/tuple [24.5, 21.5], !!python/tuple [24.5, 22.5]]
  - [!!python/tuple [24.5, 40.5], !!python/tuple [24.5, 41.5], !!python/tuple [24.5, 42.5], !!python/tuple [24.5, 43.5], !!python/tuple [24.5, 44.5],
  !!python/tuple [24.5, 45.5]]
  - [!!python/tuple [28.5, 28.5], !!python/tuple [28.5, 29.5], !!python/tuple [28.5, 30.5], !!python/tuple [28.5, 31.5], !!python/tuple [28.5, 32.5],
  !!python/tuple [28.5, 33.5], !!python/tuple [28.5, 34.5]]
  - [!!python/tuple [32.5, 40.5], !!python/tuple [32.5, 41.5], !!python/tuple [32.5, 42.5], !!python/tuple [32.5, 43.5], !!python/tuple [32.5, 44.5],
  !!python/tuple [32.5, 45.5]]
  - [!!python/tuple [36.5, 45.5], !!python/tuple [36.5, 46.5], !!python/tuple [36.5, 47.5], !!python/tuple [36.5, 48.5], !!python/tuple [36.5, 49.5],
  !!python/tuple [36.5, 50.5], !!python/tuple [36.5, 51.5], !!python/tuple [36.5, 52.5], !!python/tuple [36.5, 53.5], !!python/tuple [36.5, 54.5],
  !!python/tuple [36.5, 55.5], !!python/tuple [36.5, 56.5], !!python/tuple [36.5, 57.5], !!python/tuple [36.5, 58.5], !!python/tuple [36.5, 59.5],
  !!python/tuple [36.5, 60.5]]
  - [!!python/tuple [38.5, 40.5], !!python/tuple [38.5, 41.5], !!python/tuple [38.5, 42.5], !!python/tuple [38.5, 43.5], !!python/tuple [38.5, 44.5],
  !!python/tuple [38.5, 45.5], !!python/tuple [38.5, 46.5], !!python/tuple [38.5, 47.5], !!python/tuple [38.5, 48.5], !!python/tuple [38.5, 49.5],
  !!python/tuple [38.5, 50.5], !!python/tuple [38.5, 51.5], !!python/tuple [38.5, 52.5], !!python/tuple [38.5, 53.5], !!python/tuple [38.5, 54.5],
  !!python/tuple [38.5, 55.5], !!python/tuple [38.5, 56.5], !!python/tuple [38.5, 57.5], !!python/tuple [38.5, 58.5], !!python/tuple [38.5, 59.5],
  !!python/tuple [38.5, 60.5]]
  - [!!python/tuple [40.5, 28.5], !!python/tuple [40.5, 29.5], !!python/tuple [40.5, 30.5], !!python/tuple [40.5, 31.5], !!python/tuple [40.5, 32.5],
  !!python/tuple [40.5, 33.5], !!python/tuple [40.5, 34.5]]
  - [!!python/tuple [45.5, 0.5], !!python/tuple [45.5, 1.5], !!python/tuple [45.5, 2.5], !!python/tuple [45.5, 3.5], !!python/tuple [45.5, 4.5],
  !!python/tuple [45.5, 5.5]]
  - [!!python/tuple [45.5, 12.5], !!python/tuple [45.5, 13.5], !!python/tuple [45.5, 14.5], !!python/tuple [45.5, 15.5], !!python/tuple [45.5, 16.5],
  !!python/tuple [45.5, 17.5], !!python/tuple [45.5, 18.5], !!python/tuple [45.5, 19.5], !!python/tuple [45.5, 20.5]]
  - [!!python/tuple [48.5, 0.5], !!python/tuple [48.5, 1.5], !!python/tuple [48.5, 2.5], !!python/tuple [48.5, 3.5], !!python/tuple [48.5, 4.5],
  !!python/tuple [48.5, 5.5]]
  - [!!python/tuple [48.5, 14.5], !!python/tuple [48.5, 15.5], !!python/tuple [48.5, 16.5], !!python/tuple [48.5, 17.5], !!python/tuple [48.5, 18.5],
  !!python/tuple [48.5, 19.5], !!python/tuple [48.5, 20.5]]
  - [!!python/tuple [48.5, 43.5], !!python/tuple [48.5, 44.5], !!python/tuple [48.5, 45.5], !!python/tuple [48.5, 46.5], !!python/tuple [48.5, 47.5],
  !!python/tuple [48.5, 48.5], !!python/tuple [48.5, 49.5]]
  - [!!python/tuple [48.5, 54.5], !!python/tuple [48.5, 55.5], !!python/tuple [48.5, 56.5], !!python/tuple [48.5, 57.5], !!python/tuple [48.5, 58.5],
  !!python/tuple [48.5, 59.5], !!python/tuple [48.5, 60.5]]
  - [!!python/tuple [51.5, 46.5], !!python/tuple [51.5, 47.5], !!python/tuple [51.5, 48.5], !!python/tuple [51.5, 49.5]]
  - [!!python/tuple [51.5, 54.5], !!python/tuple [51.5, 55.5], !!python/tuple [51.5, 56.5], !!python/tuple [51.5, 57.5], !!python/tuple [51.5, 58.5],
  !!python/tuple [51.5, 59.5], !!python/tuple [51.5, 60.5]]
  - [!!python/tuple [54.5, 17.5], !!python/tuple [54.5, 18.5], !!python/tuple [54.5, 19.5], !!python/tuple [54.5, 20.5]]
  - [!!python/tuple [55.5, 28.5], !!python/tuple [55.5, 29.5], !!python/tuple [55.5, 30.5], !!python/tuple [55.5, 31.5], !!python/tuple [55.5, 32.5],
  !!python/tuple [55.5, 33.5], !!python/tuple [55.5, 34.5]]
  - [!!python/tuple [45.5, 5.5], !!python/tuple [46.5, 5.5], !!python/tuple [47.5, 5.5], !!python/tuple [48.5, 5.5]]
  - [!!python/tuple [19.5, 12.5], !!python/tuple [20.5, 12.5], !!python/tuple [21.5, 12.5], !!python/tuple [22.5, 12.5], !!python/tuple [23.5, 12.5],
  !!python/tuple [24.5, 12.5]]
  - [!!python/tuple [45.5, 12.5], !!python/tuple [46.5, 12.5], !!python/tuple [47.5, 12.5], !!python/tuple [48.5, 12.5], !!python/tuple [49.5, 12.5],
  !!python/tuple [50.5, 12.5], !!python/tuple [51.5, 12.5], !!python/tuple [52.5, 12.5], !!python/tuple [53.5, 12.5], !!python/tuple [54.5, 12.5],
  !!python/tuple [55.5, 12.5], !!python/tuple [56.5, 12.5], !!python/tuple [57.5, 12.5], !!python/tuple [58.5, 12.5], !!python/tuple [59.5, 12.5],
  !!python/tuple [60.5, 12.5]]
  - [!!python/tuple [48.5, 14.5], !!python/tuple [49.5, 14.5], !!python/tuple [50.5, 14.5], !!python/tuple [51.5, 14.5], !!python/tuple [52.5, 14.5],
  !!python/tuple [53.5, 14.5], !!python/tuple [54.5, 14.5], !!python/tuple [55.5, 14.5], !!python/tuple [56.5, 14.5], !!python/tuple [57.5, 14.5],
  !!python/tuple [58.5, 14.5], !!python/tuple [59.5, 14.5], !!python/tuple [60.5, 14.5]]
  - [!!python/tuple [0.5, 16.5], !!python/tuple [1.5, 16.5], !!python/tuple [2.5, 16.5], !!python/tuple [3.5, 16.5], !!python/tuple [4.5, 16.5],
  !!python/tuple [5.5, 16.5], !!python/tuple [6.5, 16.5], !!python/tuple [7.5, 16.5], !!python/tuple [8.5, 16.5], !!python/tuple [9.5, 16.5],
  !!python/tuple [10.5, 16.5], !!python/tuple [11.5, 16.5], !!python/tuple [12.5, 16.5], !!python/tuple [13.5, 16.5], !!python/tuple [14.5, 16.5],
  !!python/tuple [15.5, 16.5], !!python/tuple [16.5, 16.5], !!python/tuple [17.5, 16.5], !!python/tuple [18.5, 16.5], !!python/tuple [19.5, 16.5],
  !!python/tuple [20.5, 16.5], !!python/tuple [21.5, 16.5], !!python/tuple [22.5, 16.5], !!python/tuple [23.5, 16.5], !!python/tuple [24.5, 16.5]]
  - [!!python/tuple [54.5, 17.5], !!python/tuple [55.5, 17.5], !!python/tuple [56.5, 17.5], !!python/tuple [57.5, 17.5], !!python/tuple [58.5, 17.5],
  !!python/tuple [59.5, 17.5], !!python/tuple [60.5, 17.5]]
  - [!!python/tuple [45.5, 20.5], !!python/tuple [46.5, 20.5], !!python/tuple [47.5, 20.5], !!python/tuple [48.5, 20.5]]
  - [!!python/tuple [54.5, 20.5], !!python/tuple [55.5, 20.5], !!python/tuple [56.5, 20.5], !!python/tuple [57.5, 20.5], !!python/tuple [58.5, 20.5],
  !!python/tuple [59.5, 20.5], !!python/tuple [60.5, 20.5]]
  - [!!python/tuple [0.5, 22.5], !!python/tuple [1.5, 22.5], !!python/tuple [2.5, 22.5], !!python/tuple [3.5, 22.5], !!python/tuple [4.5, 22.5],
  !!python/tuple [5.5, 22.5], !!python/tuple [6.5, 22.5], !!python/tuple [7.5, 22.5], !!python/tuple [8.5, 22.5], !!python/tuple [9.5, 22.5],
  !!python/tuple [10.5, 22.5], !!python/tuple [11.5, 22.5], !!python/tuple [12.5, 22.5], !!python/tuple [13.5, 22.5], !!python/tuple [14.5, 22.5],
  !!python/tuple [15.5, 22.5], !!python/tuple [16.5, 22.5], !!python/tuple [17.5, 22.5], !!python/tuple [18.5, 22.5], !!python/tuple [19.5, 22.5],
  !!python/tuple [20.5, 22.5], !!python/tuple [21.5, 22.5], !!python/tuple [22.5, 22.5], !!python/tuple [23.5, 22.5], !!python/tuple [24.5, 22.5]]
  - [!!python/tuple [23.5, 28.5], !!python/tuple [24.5, 28.5], !!python/tuple [25.5, 28.5], !!python/tuple [26.5, 28.5], !!python/tuple [27.5, 28.5],
  !!python/tuple [28.5, 28.5]]
  - [!!python/tuple [40.5, 28.5], !!python/tuple [41.5, 28.5], !!python/tuple [42.5, 28.5], !!python/tuple [43.5, 28.5], !!python/tuple [44.5, 28.5],
  !!python/tuple [45.5, 28.5], !!python/tuple [46.5, 28.5], !!python/tuple [47.5, 28.5], !!python/tuple [48.5, 28.5], !!python/tuple [49.5, 28.5],
  !!python/tuple [50.5, 28.5], !!python/tuple [51.5, 28.5], !!python/tuple [52.5, 28.5], !!python/tuple [53.5, 28.5], !!python/tuple [54.5, 28.5],
  !!python/tuple [55.5, 28.5]]
  - [!!python/tuple [23.5, 34.5], !!python/tuple [24.5, 34.5], !!python/tuple [25.5, 34.5], !!python/tuple [26.5, 34.5], !!python/tuple [27.5, 34.5],
  !!python/tuple [28.5, 34.5]]
  - [!!python/tuple [40.5, 34.5], !!python/tuple [41.5, 34.5], !!python/tuple [42.5, 34.5], !!python/tuple [43.5, 34.5], !!python/tuple [44.5, 34.5],
  !!python/tuple [45.5, 34.5], !!python/tuple [46.5, 34.5], !!python/tuple [47.5, 34.5], !!python/tuple [48.5, 34.5], !!python/tuple [49.5, 34.5],
  !!python/tuple [50.5, 34.5], !!python/tuple [51.5, 34.5], !!python/tuple [52.5, 34.5], !!python/tuple [53.5, 34.5], !!python/tuple [54.5, 34.5],
  !!python/tuple [55.5, 34.5]]
  - [!!python/tuple [0.5, 40.5], !!python/tuple [1.5, 40.5], !!python/tuple [2.5, 40.5], !!python/tuple [3.5, 40.5], !!python/tuple [4.5, 40.5],
  !!python/tuple [5.5, 40.5], !!python/tuple [6.5, 40.5], !!python/tuple [7.5, 40.5], !!python/tuple [8.5, 40.5], !!python/tuple [9.5, 40.5],
  !!python/tuple [10.5, 40.5], !!python/tuple [11.5, 40.5]]
  - [!!python/tuple [15.5, 40.5], !!python/tuple [16.5, 40.5], !!python/tuple [17.5, 40.5], !!python/tuple [18.5, 40.5], !!python/tuple [19.5, 40.5],
  !!python/tuple [20.5, 40.5], !!python/tuple [21.5, 40.5], !!python/tuple [22.5, 40.5], !!python/tuple [23.5, 40.5], !!python/tuple [24.5, 40.5]]
  - [!!python/tuple [32.5, 40.5], !!python/tuple [33.5, 40.5], !!python/tuple [34.5, 40.5], !!python/tuple [35.5, 40.5], !!python/tuple [36.5, 40.5],
  !!python/tuple [37.5, 40.5], !!python/tuple [38.5, 40.5]]
  - [!!python/tuple [48.5, 43.5], !!python/tuple [49.5, 43.5], !!python/tuple [50.5, 43.5], !!python/tuple [51.5, 43.5], !!python/tuple [52.5, 43.5],
  !!python/tuple [53.5, 43.5], !!python/tuple [54.5, 43.5], !!python/tuple [55.5, 43.5], !!python/tuple [56.5, 43.5], !!python/tuple [57.5, 43.5],
  !!python/tuple [58.5, 43.5], !!python/tuple [59.5, 43.5], !!python/tuple [60.5, 43.5]]
  - [!!python/tuple [0.5, 45.5], !!python/tuple [1.5, 45.5], !!python/tuple [2.5, 45.5], !!python/tuple [3.5, 45.5], !!python/tuple [4.5, 45.5],
  !!python/tuple [5.5, 45.5], !!python/tuple [6.5, 45.5], !!python/tuple [7.5, 45.5], !!python/tuple [8.5, 45.5], !!python/tuple [9.5, 45.5],
  !!python/tuple [10.5, 45.5], !!python/tuple [11.5, 45.5]]
  - [!!python/tuple [15.5, 45.5], !!python/tuple [16.5, 45.5], !!python/tuple [17.5, 45.5], !!python/tuple [18.5, 45.5]]
  - [!!python/tuple [21.5, 45.5], !!python/tuple [22.5, 45.5], !!python/tuple [23.5, 45.5], !!python/tuple [24.5, 45.5]]
  - [!!python/tuple [32.5, 45.5], !!python/tuple [33.5, 45.5], !!python/tuple [34.5, 45.5], !!python/tuple [35.5, 45.5], !!python/tuple [36.5, 45.5]]
  - [!!python/tuple [51.5, 46.5], !!python/tuple [52.5, 46.5], !!python/tuple [53.5, 46.5], !!python/tuple [54.5, 46.5], !!python/tuple [55.5, 46.5],
  !!python/tuple [56.5, 46.5], !!python/tuple [57.5, 46.5], !!python/tuple [58.5, 46.5], !!python/tuple [59.5, 46.5], !!python/tuple [60.5, 46.5]]
  - [!!python/tuple [48.5, 49.5], !!python/tuple [49.5, 49.5], !!python/tuple [50.5, 49.5], !!python/tuple [51.5, 49.5]]
  - [!!python/tuple [18.5, 52.5], !!python/tuple [19.5, 52.5], !!python/tuple [20.5, 52.5], !!python/tuple [21.5, 52.5]]
  - [!!python/tuple [48.5, 54.5], !!python/tuple [49.5, 54.5], !!python/tuple [50.5, 54.5], !!python/tuple [51.5, 54.5]]
