n_rows: 80
n_cols: 80
task_states:
  - !!python/tuple [11, 10, 'P']
  - !!python/tuple [40, 30, 'D']
  - !!python/tuple [27, 66, 'C']
  - !!python/tuple [70, 12, 'L']
  - !!python/tuple [54, 66, 'T']
  - !!python/tuple [74, 43, 'O']
tasks: ['C', 'D', 'L', 'O', 'P', 'T']
walls:
  - [!!python/tuple [0.5, 0.5], !!python/tuple [0.5, 1.5], !!python/tuple [0.5, 2.5], !!python/tuple [0.5, 3.5], !!python/tuple [0.5, 4.5],
  !!python/tuple [0.5, 5.5], !!python/tuple [0.5, 6.5], !!python/tuple [0.5, 7.5], !!python/tuple [0.5, 8.5], !!python/tuple [0.5, 9.5],
  !!python/tuple [0.5, 10.5], !!python/tuple [0.5, 11.5], !!python/tuple [0.5, 12.5], !!python/tuple [0.5, 13.5], !!python/tuple [0.5, 14.5],
  !!python/tuple [0.5, 15.5], !!python/tuple [0.5, 16.5], !!python/tuple [0.5, 17.5], !!python/tuple [0.5, 18.5], !!python/tuple [0.5, 19.5],
  !!python/tuple [0.5, 20.5], !!python/tuple [0.5, 21.5], !!python/tuple [0.5, 22.5], !!python/tuple [0.5, 23.5], !!python/tuple [0.5, 24.5],
  !!python/tuple [0.5, 25.5], !!python/tuple [0.5, 26.5], !!python/tuple [0.5, 27.5], !!python/tuple [0.5, 28.5], !!python/tuple [0.5, 29.5],
  !!python/tuple [0.5, 30.5], !!python/tuple [0.5, 31.5], !!python/tuple [0.5, 32.5], !!python/tuple [0.5, 33.5], !!python/tuple [0.5, 34.5],
  !!python/tuple [0.5, 35.5], !!python/tuple [0.5, 36.5], !!python/tuple [0.5, 37.5], !!python/tuple [0.5, 38.5], !!python/tuple [0.5, 39.5],
  !!python/tuple [0.5, 40.5], !!python/tuple [0.5, 41.5], !!python/tuple [0.5, 42.5], !!python/tuple [0.5, 43.5], !!python/tuple [0.5, 44.5],
  !!python/tuple [0.5, 45.5], !!python/tuple [0.5, 46.5], !!python/tuple [0.5, 47.5], !!python/tuple [0.5, 48.5], !!python/tuple [0.5, 49.5],
  !!python/tuple [0.5, 50.5], !!python/tuple [0.5, 51.5], !!python/tuple [0.5, 52.5], !!python/tuple [0.5, 53.5], !!python/tuple [0.5, 54.5],
  !!python/tuple [0.5, 55.5], !!python/tuple [0.5, 56.5], !!python/tuple [0.5, 57.5], !!python/tuple [0.5, 58.5], !!python/tuple [0.5, 59.5],
  !!python/tuple [0.5, 60.5], !!python/tuple [0.5, 61.5], !!python/tuple [0.5, 62.5], !!python/tuple [0.5, 63.5], !!python/tuple [0.5, 64.5],
  !!python/tuple [0.5, 65.5], !!python/tuple [0.5, 66.5], !!python/tuple [0.5, 67.5], !!python/tuple [0.5, 68.5], !!python/tuple [0.5, 69.5],
  !!python/tuple [0.5, 70.5], !!python/tuple [0.5, 71.5], !!python/tuple [0.5, 72.5], !!python/tuple [0.5, 73.5], !!python/tuple [0.5, 74.5],
  !!python/tuple [0.5, 75.5], !!python/tuple [0.5, 76.5], !!python/tuple [0.5, 77.5], !!python/tuple [0.5, 78.5], !!python/tuple [0.5, 79.5], 
  !!python/tuple [0.5, 80.5]]
  - [!!python/tuple [80.5, 0.5], !!python/tuple [80.5, 1.5], !!python/tuple [80.5, 2.5], !!python/tuple [80.5, 3.5], !!python/tuple [80.5, 4.5],
  !!python/tuple [80.5, 5.5], !!python/tuple [80.5, 6.5], !!python/tuple [80.5, 7.5], !!python/tuple [80.5, 8.5], !!python/tuple [80.5, 9.5],
  !!python/tuple [80.5, 10.5], !!python/tuple [80.5, 11.5], !!python/tuple [80.5, 12.5], !!python/tuple [80.5, 13.5], !!python/tuple [80.5, 14.5],
  !!python/tuple [80.5, 15.5], !!python/tuple [80.5, 16.5], !!python/tuple [80.5, 17.5], !!python/tuple [80.5, 18.5], !!python/tuple [80.5, 19.5],
  !!python/tuple [80.5, 20.5], !!python/tuple [80.5, 21.5], !!python/tuple [80.5, 22.5], !!python/tuple [80.5, 23.5], !!python/tuple [80.5, 24.5],
  !!python/tuple [80.5, 25.5], !!python/tuple [80.5, 26.5], !!python/tuple [80.5, 27.5], !!python/tuple [80.5, 28.5], !!python/tuple [80.5, 29.5],
  !!python/tuple [80.5, 30.5], !!python/tuple [80.5, 31.5], !!python/tuple [80.5, 32.5], !!python/tuple [80.5, 33.5], !!python/tuple [80.5, 34.5],
  !!python/tuple [80.5, 35.5], !!python/tuple [80.5, 36.5], !!python/tuple [80.5, 37.5], !!python/tuple [80.5, 38.5], !!python/tuple [80.5, 39.5],
  !!python/tuple [80.5, 40.5], !!python/tuple [80.5, 41.5], !!python/tuple [80.5, 42.5], !!python/tuple [80.5, 43.5], !!python/tuple [80.5, 44.5],
  !!python/tuple [80.5, 45.5], !!python/tuple [80.5, 46.5], !!python/tuple [80.5, 47.5], !!python/tuple [80.5, 48.5], !!python/tuple [80.5, 49.5],
  !!python/tuple [80.5, 50.5], !!python/tuple [80.5, 51.5], !!python/tuple [80.5, 52.5], !!python/tuple [80.5, 53.5], !!python/tuple [80.5, 54.5],
  !!python/tuple [80.5, 55.5], !!python/tuple [80.5, 56.5], !!python/tuple [80.5, 57.5], !!python/tuple [80.5, 58.5], !!python/tuple [80.5, 59.5],
  !!python/tuple [80.5, 60.5], !!python/tuple [80.5, 61.5], !!python/tuple [80.5, 62.5], !!python/tuple [80.5, 63.5], !!python/tuple [80.5, 64.5],
  !!python/tuple [80.5, 65.5], !!python/tuple [80.5, 66.5], !!python/tuple [80.5, 67.5], !!python/tuple [80.5, 68.5], !!python/tuple [80.5, 69.5],
  !!python/tuple [80.5, 70.5], !!python/tuple [80.5, 71.5], !!python/tuple [80.5, 72.5], !!python/tuple [80.5, 73.5], !!python/tuple [80.5, 74.5],
  !!python/tuple [80.5, 75.5], !!python/tuple [80.5, 76.5], !!python/tuple [80.5, 77.5], !!python/tuple [80.5, 78.5], !!python/tuple [80.5, 79.5], 
  !!python/tuple [80.5, 80.5]]
  - [!!python/tuple [0.5, 0.5], !!python/tuple [1.5, 0.5], !!python/tuple [2.5, 0.5], !!python/tuple [3.5, 0.5], !!python/tuple [4.5, 0.5],
  !!python/tuple [5.5, 0.5], !!python/tuple [6.5, 0.5], !!python/tuple [7.5, 0.5], !!python/tuple [8.5, 0.5], !!python/tuple [9.5, 0.5],
  !!python/tuple [10.5, 0.5], !!python/tuple [11.5, 0.5], !!python/tuple [12.5, 0.5], !!python/tuple [13.5, 0.5], !!python/tuple [14.5, 0.5],
  !!python/tuple [15.5, 0.5], !!python/tuple [16.5, 0.5], !!python/tuple [17.5, 0.5], !!python/tuple [18.5, 0.5], !!python/tuple [19.5, 0.5],
  !!python/tuple [20.5, 0.5], !!python/tuple [21.5, 0.5], !!python/tuple [22.5, 0.5], !!python/tuple [23.5, 0.5], !!python/tuple [24.5, 0.5],
  !!python/tuple [25.5, 0.5], !!python/tuple [26.5, 0.5], !!python/tuple [27.5, 0.5], !!python/tuple [28.5, 0.5], !!python/tuple [29.5, 0.5],
  !!python/tuple [30.5, 0.5], !!python/tuple [31.5, 0.5], !!python/tuple [32.5, 0.5], !!python/tuple [33.5, 0.5], !!python/tuple [34.5, 0.5],
  !!python/tuple [35.5, 0.5], !!python/tuple [36.5, 0.5], !!python/tuple [37.5, 0.5], !!python/tuple [38.5, 0.5], !!python/tuple [39.5, 0.5],
  !!python/tuple [40.5, 0.5], !!python/tuple [41.5, 0.5], !!python/tuple [42.5, 0.5], !!python/tuple [43.5, 0.5], !!python/tuple [44.5, 0.5],
  !!python/tuple [45.5, 0.5], !!python/tuple [46.5, 0.5], !!python/tuple [47.5, 0.5], !!python/tuple [48.5, 0.5], !!python/tuple [49.5, 0.5],
  !!python/tuple [50.5, 0.5], !!python/tuple [51.5, 0.5], !!python/tuple [52.5, 0.5], !!python/tuple [53.5, 0.5], !!python/tuple [54.5, 0.5],
  !!python/tuple [55.5, 0.5], !!python/tuple [56.5, 0.5], !!python/tuple [57.5, 0.5], !!python/tuple [58.5, 0.5], !!python/tuple [59.5, 0.5],
  !!python/tuple [60.5, 0.5], !!python/tuple [61.5, 0.5], !!python/tuple [62.5, 0.5], !!python/tuple [63.5, 0.5], !!python/tuple [64.5, 0.5],
  !!python/tuple [65.5, 0.5], !!python/tuple [66.5, 0.5], !!python/tuple [67.5, 0.5], !!python/tuple [68.5, 0.5], !!python/tuple [69.5, 0.5],
  !!python/tuple [70.5, 0.5], !!python/tuple [71.5, 0.5], !!python/tuple [72.5, 0.5], !!python/tuple [73.5, 0.5], !!python/tuple [74.5, 0.5],
  !!python/tuple [75.5, 0.5], !!python/tuple [76.5, 0.5], !!python/tuple [77.5, 0.5], !!python/tuple [78.5, 0.5], !!python/tuple [79.5, 0.5], 
  !!python/tuple [80.5, 0.5]]
  - [!!python/tuple [0.5, 80.5], !!python/tuple [1.5, 80.5], !!python/tuple [2.5, 80.5], !!python/tuple [3.5, 80.5], !!python/tuple [4.5, 80.5],
  !!python/tuple [5.5, 80.5], !!python/tuple [6.5, 80.5], !!python/tuple [7.5, 80.5], !!python/tuple [8.5, 80.5], !!python/tuple [9.5, 80.5],
  !!python/tuple [10.5, 80.5], !!python/tuple [11.5, 80.5], !!python/tuple [12.5, 80.5], !!python/tuple [13.5, 80.5], !!python/tuple [14.5, 80.5],
  !!python/tuple [15.5, 80.5], !!python/tuple [16.5, 80.5], !!python/tuple [17.5, 80.5], !!python/tuple [18.5, 80.5], !!python/tuple [19.5, 80.5],
  !!python/tuple [20.5, 80.5], !!python/tuple [21.5, 80.5], !!python/tuple [22.5, 80.5], !!python/tuple [23.5, 80.5], !!python/tuple [24.5, 80.5],
  !!python/tuple [25.5, 80.5], !!python/tuple [26.5, 80.5], !!python/tuple [27.5, 80.5], !!python/tuple [28.5, 80.5], !!python/tuple [29.5, 80.5],
  !!python/tuple [30.5, 80.5], !!python/tuple [31.5, 80.5], !!python/tuple [32.5, 80.5], !!python/tuple [33.5, 80.5], !!python/tuple [34.5, 80.5],
  !!python/tuple [35.5, 80.5], !!python/tuple [36.5, 80.5], !!python/tuple [37.5, 80.5], !!python/tuple [38.5, 80.5], !!python/tuple [39.5, 80.5],
  !!python/tuple [40.5, 80.5], !!python/tuple [41.5, 80.5], !!python/tuple [42.5, 80.5], !!python/tuple [43.5, 80.5], !!python/tuple [44.5, 80.5],
  !!python/tuple [45.5, 80.5], !!python/tuple [46.5, 80.5], !!python/tuple [47.5, 80.5], !!python/tuple [48.5, 80.5], !!python/tuple [49.5, 80.5],
  !!python/tuple [50.5, 80.5], !!python/tuple [51.5, 80.5], !!python/tuple [52.5, 80.5], !!python/tuple [53.5, 80.5], !!python/tuple [54.5, 80.5],
  !!python/tuple [55.5, 80.5], !!python/tuple [56.5, 80.5], !!python/tuple [57.5, 80.5], !!python/tuple [58.5, 80.5], !!python/tuple [59.5, 80.5],
  !!python/tuple [60.5, 80.5], !!python/tuple [61.5, 80.5], !!python/tuple [62.5, 80.5], !!python/tuple [63.5, 80.5], !!python/tuple [64.5, 80.5],
  !!python/tuple [65.5, 80.5], !!python/tuple [66.5, 80.5], !!python/tuple [67.5, 80.5], !!python/tuple [68.5, 80.5], !!python/tuple [69.5, 80.5],
  !!python/tuple [70.5, 80.5], !!python/tuple [71.5, 80.5], !!python/tuple [72.5, 80.5], !!python/tuple [73.5, 80.5], !!python/tuple [74.5, 80.5],
  !!python/tuple [75.5, 80.5], !!python/tuple [76.5, 80.5], !!python/tuple [77.5, 80.5], !!python/tuple [78.5, 80.5], !!python/tuple [79.5, 80.5], 
  !!python/tuple [80.5, 80.5]]
  - [!!python/tuple [5.5, 5.5], !!python/tuple [5.5, 6.5], !!python/tuple [5.5, 7.5], !!python/tuple [5.5, 8.5], !!python/tuple [5.5, 9.5],
  !!python/tuple [5.5, 10.5], !!python/tuple [5.5, 11.5], !!python/tuple [5.5, 12.5], !!python/tuple [5.5, 13.5], !!python/tuple [5.5, 14.5],
  !!python/tuple [5.5, 15.5], !!python/tuple [5.5, 16.5], !!python/tuple [5.5, 17.5], !!python/tuple [5.5, 18.5], !!python/tuple [5.5, 19.5],
  !!python/tuple [5.5, 20.5], !!python/tuple [5.5, 21.5], !!python/tuple [5.5, 22.5], !!python/tuple [5.5, 23.5], !!python/tuple [5.5, 24.5],
  !!python/tuple [5.5, 25.5], !!python/tuple [5.5, 26.5], !!python/tuple [5.5, 27.5], !!python/tuple [5.5, 28.5], !!python/tuple [5.5, 29.5],
  !!python/tuple [5.5, 30.5], !!python/tuple [5.5, 31.5], !!python/tuple [5.5, 32.5], !!python/tuple [5.5, 33.5], !!python/tuple [5.5, 34.5], 
  !!python/tuple [5.5, 35.5], !!python/tuple [5.5, 36.5], !!python/tuple [5.5, 37.5], !!python/tuple [5.5, 38.5]]
  - [!!python/tuple [5.5, 52.5], !!python/tuple [5.5, 53.5], !!python/tuple [5.5, 54.5], !!python/tuple [5.5, 55.5], !!python/tuple [5.5, 56.5],
  !!python/tuple [5.5, 57.5], !!python/tuple [5.5, 58.5], !!python/tuple [5.5, 59.5], !!python/tuple [5.5, 60.5], !!python/tuple [5.5, 61.5],
  !!python/tuple [5.5, 62.5], !!python/tuple [5.5, 63.5], !!python/tuple [5.5, 64.5], !!python/tuple [5.5, 65.5], !!python/tuple [5.5, 66.5],
  !!python/tuple [5.5, 67.5], !!python/tuple [5.5, 68.5], !!python/tuple [5.5, 69.5], !!python/tuple [5.5, 70.5], !!python/tuple [5.5, 71.5], 
  !!python/tuple [5.5, 72.5], !!python/tuple [5.5, 73.5], !!python/tuple [5.5, 74.5], !!python/tuple [5.5, 75.5]]
  - [!!python/tuple [12.5, 60.5], !!python/tuple [12.5, 61.5], !!python/tuple [12.5, 62.5], !!python/tuple [12.5, 63.5], !!python/tuple [12.5, 64.5], 
  !!python/tuple [12.5, 65.5]]
  - [!!python/tuple [12.5, 69.5], !!python/tuple [12.5, 70.5], !!python/tuple [12.5, 71.5], !!python/tuple [12.5, 72.5], !!python/tuple [12.5, 73.5], 
  !!python/tuple [12.5, 74.5], !!python/tuple [12.5, 75.5]]
  - [!!python/tuple [20.5, 5.5], !!python/tuple [20.5, 6.5], !!python/tuple [20.5, 7.5], !!python/tuple [20.5, 8.5], !!python/tuple [20.5, 9.5],
  !!python/tuple [20.5, 10.5], !!python/tuple [20.5, 11.5], !!python/tuple [20.5, 12.5], !!python/tuple [20.5, 13.5], !!python/tuple [20.5, 14.5],
  !!python/tuple [20.5, 15.5], !!python/tuple [20.5, 16.5], !!python/tuple [20.5, 17.5], !!python/tuple [20.5, 18.5], !!python/tuple [20.5, 19.5], 
  !!python/tuple [20.5, 20.5], !!python/tuple [20.5, 21.5], !!python/tuple [20.5, 22.5], !!python/tuple [20.5, 23.5], !!python/tuple [20.5, 24.5]]
  - [!!python/tuple [32.5, 32.5], !!python/tuple [32.5, 33.5], !!python/tuple [32.5, 34.5], !!python/tuple [32.5, 35.5], !!python/tuple [32.5, 36.5],
  !!python/tuple [32.5, 37.5], !!python/tuple [32.5, 38.5], !!python/tuple [32.5, 39.5], !!python/tuple [32.5, 40.5], !!python/tuple [32.5, 41.5],
  !!python/tuple [32.5, 42.5], !!python/tuple [32.5, 43.5], !!python/tuple [32.5, 44.5], !!python/tuple [32.5, 45.5], !!python/tuple [32.5, 46.5],
  !!python/tuple [32.5, 47.5], !!python/tuple [32.5, 48.5]]
  - [!!python/tuple [35.5, 60.5], !!python/tuple [35.5, 61.5], !!python/tuple [35.5, 62.5], !!python/tuple [35.5, 63.5], !!python/tuple [35.5, 64.5],
  !!python/tuple [35.5, 65.5], !!python/tuple [35.5, 66.5], !!python/tuple [35.5, 67.5], !!python/tuple [35.5, 68.5], !!python/tuple [35.5, 69.5], 
  !!python/tuple [35.5, 70.5]]
  - [!!python/tuple [45.5, 60.5], !!python/tuple [45.5, 61.5], !!python/tuple [45.5, 62.5], !!python/tuple [45.5, 63.5], !!python/tuple [45.5, 64.5],
  !!python/tuple [45.5, 65.5], !!python/tuple [45.5, 66.5], !!python/tuple [45.5, 67.5], !!python/tuple [45.5, 68.5], !!python/tuple [45.5, 69.5], 
  !!python/tuple [45.5, 70.5]]
  - [!!python/tuple [48.5, 32.5], !!python/tuple [48.5, 33.5], !!python/tuple [48.5, 34.5], !!python/tuple [48.5, 35.5], !!python/tuple [48.5, 36.5],
  !!python/tuple [48.5, 37.5], !!python/tuple [48.5, 38.5], !!python/tuple [48.5, 39.5], !!python/tuple [48.5, 40.5], !!python/tuple [48.5, 41.5],
  !!python/tuple [48.5, 42.5], !!python/tuple [48.5, 43.5], !!python/tuple [48.5, 44.5], !!python/tuple [48.5, 45.5], !!python/tuple [48.5, 46.5], 
  !!python/tuple [48.5, 47.5], !!python/tuple [48.5, 48.5]]
  - [!!python/tuple [65.5, 8.5], !!python/tuple [65.5, 9.5], !!python/tuple [65.5, 10.5], !!python/tuple [65.5, 11.5], !!python/tuple [65.5, 12.5],
  !!python/tuple [65.5, 13.5], !!python/tuple [65.5, 14.5], !!python/tuple [65.5, 15.5], !!python/tuple [65.5, 16.5], !!python/tuple [65.5, 17.5], 
  !!python/tuple [65.5, 18.5]]
  - [!!python/tuple [65.5, 31.5], !!python/tuple [65.5, 32.5], !!python/tuple [65.5, 33.5], !!python/tuple [65.5, 34.5], !!python/tuple [65.5, 35.5], 
  !!python/tuple [65.5, 36.5]]
  - [!!python/tuple [65.5, 41.5], !!python/tuple [65.5, 42.5], !!python/tuple [65.5, 43.5], !!python/tuple [65.5, 44.5], !!python/tuple [65.5, 45.5], 
  !!python/tuple [65.5, 46.5]]
  - [!!python/tuple [68.5, 60.5], !!python/tuple [68.5, 61.5], !!python/tuple [68.5, 62.5], !!python/tuple [68.5, 63.5], !!python/tuple [68.5, 64.5], 
  !!python/tuple [68.5, 65.5]]
  - [!!python/tuple [68.5, 69.5], !!python/tuple [68.5, 70.5], !!python/tuple [68.5, 71.5], !!python/tuple [68.5, 72.5], !!python/tuple [68.5, 73.5], 
  !!python/tuple [68.5, 74.5], !!python/tuple [68.5, 75.5]]
  - [!!python/tuple [75.5, 5.5], !!python/tuple [75.5, 6.5], !!python/tuple [75.5, 7.5], !!python/tuple [75.5, 8.5], !!python/tuple [75.5, 9.5],
  !!python/tuple [75.5, 10.5], !!python/tuple [75.5, 11.5], !!python/tuple [75.5, 12.5], !!python/tuple [75.5, 13.5], !!python/tuple [75.5, 14.5],
  !!python/tuple [75.5, 15.5], !!python/tuple [75.5, 16.5], !!python/tuple [75.5, 17.5], !!python/tuple [75.5, 18.5], !!python/tuple [75.5, 19.5], 
  !!python/tuple [75.5, 20.5]]
  - [!!python/tuple [75.5, 27.5], !!python/tuple [75.5, 28.5], !!python/tuple [75.5, 29.5], !!python/tuple [75.5, 30.5], !!python/tuple [75.5, 31.5],
  !!python/tuple [75.5, 32.5], !!python/tuple [75.5, 33.5], !!python/tuple [75.5, 34.5], !!python/tuple [75.5, 35.5], !!python/tuple [75.5, 36.5],
  !!python/tuple [75.5, 37.5], !!python/tuple [75.5, 38.5], !!python/tuple [75.5, 39.5], !!python/tuple [75.5, 40.5], !!python/tuple [75.5, 41.5],
  !!python/tuple [75.5, 42.5], !!python/tuple [75.5, 43.5], !!python/tuple [75.5, 44.5], !!python/tuple [75.5, 45.5], !!python/tuple [75.5, 46.5], 
  !!python/tuple [75.5, 47.5], !!python/tuple [75.5, 48.5], !!python/tuple [75.5, 49.5]]
  - [!!python/tuple [75.5, 56.5], !!python/tuple [75.5, 57.5], !!python/tuple [75.5, 58.5], !!python/tuple [75.5, 59.5], !!python/tuple [75.5, 60.5],
  !!python/tuple [75.5, 61.5], !!python/tuple [75.5, 62.5], !!python/tuple [75.5, 63.5], !!python/tuple [75.5, 64.5], !!python/tuple [75.5, 65.5],
  !!python/tuple [75.5, 66.5], !!python/tuple [75.5, 67.5], !!python/tuple [75.5, 68.5], !!python/tuple [75.5, 69.5], !!python/tuple [75.5, 70.5], 
  !!python/tuple [75.5, 71.5], !!python/tuple [75.5, 72.5], !!python/tuple [75.5, 73.5], !!python/tuple [75.5, 74.5], !!python/tuple [75.5, 75.5]]
  - [!!python/tuple [5.5, 5.5], !!python/tuple [6.5, 5.5], !!python/tuple [7.5, 5.5], !!python/tuple [8.5, 5.5], !!python/tuple [9.5, 5.5],
  !!python/tuple [10.5, 5.5], !!python/tuple [11.5, 5.5], !!python/tuple [12.5, 5.5], !!python/tuple [13.5, 5.5], !!python/tuple [14.5, 5.5],
  !!python/tuple [15.5, 5.5], !!python/tuple [16.5, 5.5], !!python/tuple [17.5, 5.5], !!python/tuple [18.5, 5.5], !!python/tuple [19.5, 5.5],
  !!python/tuple [20.5, 5.5], !!python/tuple [21.5, 5.5], !!python/tuple [22.5, 5.5], !!python/tuple [23.5, 5.5], !!python/tuple [24.5, 5.5],
  !!python/tuple [25.5, 5.5], !!python/tuple [26.5, 5.5], !!python/tuple [27.5, 5.5], !!python/tuple [28.5, 5.5], !!python/tuple [29.5, 5.5],
  !!python/tuple [30.5, 5.5], !!python/tuple [31.5, 5.5], !!python/tuple [32.5, 5.5], !!python/tuple [33.5, 5.5], !!python/tuple [34.5, 5.5],
  !!python/tuple [35.5, 5.5], !!python/tuple [36.5, 5.5], !!python/tuple [37.5, 5.5], !!python/tuple [38.5, 5.5], !!python/tuple [39.5, 5.5],
  !!python/tuple [40.5, 5.5], !!python/tuple [41.5, 5.5], !!python/tuple [42.5, 5.5], !!python/tuple [43.5, 5.5], !!python/tuple [44.5, 5.5],
  !!python/tuple [45.5, 5.5], !!python/tuple [46.5, 5.5], !!python/tuple [47.5, 5.5], !!python/tuple [48.5, 5.5], !!python/tuple [49.5, 5.5],
  !!python/tuple [50.5, 5.5], !!python/tuple [51.5, 5.5], !!python/tuple [52.5, 5.5], !!python/tuple [53.5, 5.5], !!python/tuple [54.5, 5.5],
  !!python/tuple [55.5, 5.5], !!python/tuple [56.5, 5.5], !!python/tuple [57.5, 5.5], !!python/tuple [58.5, 5.5], !!python/tuple [59.5, 5.5],
  !!python/tuple [60.5, 5.5], !!python/tuple [61.5, 5.5], !!python/tuple [62.5, 5.5], !!python/tuple [63.5, 5.5], !!python/tuple [64.5, 5.5],
  !!python/tuple [65.5, 5.5], !!python/tuple [66.5, 5.5], !!python/tuple [67.5, 5.5], !!python/tuple [68.5, 5.5], !!python/tuple [69.5, 5.5],
  !!python/tuple [70.5, 5.5], !!python/tuple [71.5, 5.5], !!python/tuple [72.5, 5.5], !!python/tuple [73.5, 5.5], !!python/tuple [74.5, 5.5],
  !!python/tuple [75.5, 5.5]]
  - [!!python/tuple [65.5, 18.5], !!python/tuple [66.5, 18.5], !!python/tuple [67.5, 18.5], !!python/tuple [68.5, 18.5], !!python/tuple [69.5, 18.5],
  !!python/tuple [70.5, 18.5], !!python/tuple [71.5, 18.5], !!python/tuple [72.5, 18.5], !!python/tuple [73.5, 18.5], !!python/tuple [74.5, 18.5],
  !!python/tuple [75.5, 18.5]]
  - [!!python/tuple [5.5, 29.5], !!python/tuple [6.5, 29.5], !!python/tuple [7.5, 29.5], !!python/tuple [8.5, 29.5], !!python/tuple [9.5, 29.5],
  !!python/tuple [10.5, 29.5], !!python/tuple [11.5, 29.5], !!python/tuple [12.5, 29.5], !!python/tuple [13.5, 29.5], !!python/tuple [14.5, 29.5],
  !!python/tuple [15.5, 29.5], !!python/tuple [16.5, 29.5], !!python/tuple [17.5, 29.5], !!python/tuple [18.5, 29.5], !!python/tuple [19.5, 29.5],
  !!python/tuple [20.5, 29.5]]
  - [!!python/tuple [65.5, 31.5], !!python/tuple [66.5, 31.5], !!python/tuple [67.5, 31.5], !!python/tuple [68.5, 31.5], !!python/tuple [69.5, 31.5],
  !!python/tuple [70.5, 31.5], !!python/tuple [71.5, 31.5], !!python/tuple [72.5, 31.5], !!python/tuple [73.5, 31.5], !!python/tuple [74.5, 31.5],
  !!python/tuple [75.5, 31.5]]
  - [!!python/tuple [32.5, 32.5], !!python/tuple [33.5, 32.5], !!python/tuple [34.5, 32.5], !!python/tuple [35.5, 32.5], !!python/tuple [36.5, 32.5],
  !!python/tuple [37.5, 32.5], !!python/tuple [38.5, 32.5], !!python/tuple [39.5, 32.5], !!python/tuple [40.5, 32.5], !!python/tuple [41.5, 32.5],
  !!python/tuple [42.5, 32.5], !!python/tuple [43.5, 32.5], !!python/tuple [44.5, 32.5], !!python/tuple [45.5, 32.5], !!python/tuple [46.5, 32.5],
  !!python/tuple [47.5, 32.5], !!python/tuple [48.5, 32.5]]
  - [!!python/tuple [65.5, 46.5], !!python/tuple [66.5, 46.5], !!python/tuple [67.5, 46.5], !!python/tuple [68.5, 46.5], !!python/tuple [69.5, 46.5],
  !!python/tuple [70.5, 46.5], !!python/tuple [71.5, 46.5], !!python/tuple [72.5, 46.5], !!python/tuple [73.5, 46.5], !!python/tuple [74.5, 46.5],
  !!python/tuple [75.5, 46.5]]
  - [!!python/tuple [32.5, 48.5], !!python/tuple [33.5, 48.5], !!python/tuple [34.5, 48.5], !!python/tuple [35.5, 48.5], !!python/tuple [36.5, 48.5],
  !!python/tuple [37.5, 48.5], !!python/tuple [38.5, 48.5], !!python/tuple [39.5, 48.5], !!python/tuple [40.5, 48.5], !!python/tuple [41.5, 48.5],
  !!python/tuple [42.5, 48.5], !!python/tuple [43.5, 48.5], !!python/tuple [44.5, 48.5], !!python/tuple [45.5, 48.5], !!python/tuple [46.5, 48.5],
  !!python/tuple [47.5, 48.5], !!python/tuple [48.5, 48.5]]
  - [!!python/tuple [12.5, 60.5], !!python/tuple [13.5, 60.5], !!python/tuple [14.5, 60.5], !!python/tuple [15.5, 60.5], !!python/tuple [16.5, 60.5],
  !!python/tuple [17.5, 60.5], !!python/tuple [18.5, 60.5], !!python/tuple [19.5, 60.5], !!python/tuple [20.5, 60.5], !!python/tuple [21.5, 60.5],
  !!python/tuple [22.5, 60.5], !!python/tuple [23.5, 60.5], !!python/tuple [24.5, 60.5], !!python/tuple [25.5, 60.5], !!python/tuple [26.5, 60.5],
  !!python/tuple [27.5, 60.5], !!python/tuple [28.5, 60.5], !!python/tuple [29.5, 60.5], !!python/tuple [30.5, 60.5], !!python/tuple [31.5, 60.5],
  !!python/tuple [32.5, 60.5], !!python/tuple [33.5, 60.5], !!python/tuple [34.5, 60.5], !!python/tuple [35.5, 60.5]]
  - [!!python/tuple [45.5, 60.5], !!python/tuple [46.5, 60.5], !!python/tuple [47.5, 60.5], !!python/tuple [48.5, 60.5], !!python/tuple [49.5, 60.5],
  !!python/tuple [50.5, 60.5], !!python/tuple [51.5, 60.5], !!python/tuple [52.5, 60.5], !!python/tuple [53.5, 60.5], !!python/tuple [54.5, 60.5],
  !!python/tuple [55.5, 60.5], !!python/tuple [56.5, 60.5], !!python/tuple [57.5, 60.5], !!python/tuple [58.5, 60.5], !!python/tuple [59.5, 60.5],
  !!python/tuple [60.5, 60.5], !!python/tuple [61.5, 60.5], !!python/tuple [62.5, 60.5], !!python/tuple [63.5, 60.5], !!python/tuple [64.5, 60.5],
  !!python/tuple [65.5, 60.5], !!python/tuple [66.5, 60.5], !!python/tuple [67.5, 60.5], !!python/tuple [68.5, 60.5]]
  - [!!python/tuple [5.5, 75.5], !!python/tuple [6.5, 75.5], !!python/tuple [7.5, 75.5], !!python/tuple [8.5, 75.5], !!python/tuple [9.5, 75.5],
  !!python/tuple [10.5, 75.5], !!python/tuple [11.5, 75.5], !!python/tuple [12.5, 75.5], !!python/tuple [13.5, 75.5], !!python/tuple [14.5, 75.5],
  !!python/tuple [15.5, 75.5], !!python/tuple [16.5, 75.5], !!python/tuple [17.5, 75.5], !!python/tuple [18.5, 75.5], !!python/tuple [19.5, 75.5],
  !!python/tuple [20.5, 75.5], !!python/tuple [21.5, 75.5], !!python/tuple [22.5, 75.5], !!python/tuple [23.5, 75.5], !!python/tuple [24.5, 75.5],
  !!python/tuple [25.5, 75.5], !!python/tuple [26.5, 75.5], !!python/tuple [27.5, 75.5], !!python/tuple [28.5, 75.5], !!python/tuple [29.5, 75.5],
  !!python/tuple [30.5, 75.5], !!python/tuple [31.5, 75.5], !!python/tuple [32.5, 75.5], !!python/tuple [33.5, 75.5], !!python/tuple [34.5, 75.5],
  !!python/tuple [35.5, 75.5], !!python/tuple [36.5, 75.5], !!python/tuple [37.5, 75.5], !!python/tuple [38.5, 75.5], !!python/tuple [39.5, 75.5],
  !!python/tuple [40.5, 75.5], !!python/tuple [41.5, 75.5], !!python/tuple [42.5, 75.5], !!python/tuple [43.5, 75.5], !!python/tuple [44.5, 75.5],
  !!python/tuple [45.5, 75.5], !!python/tuple [46.5, 75.5], !!python/tuple [47.5, 75.5], !!python/tuple [48.5, 75.5], !!python/tuple [49.5, 75.5],
  !!python/tuple [50.5, 75.5], !!python/tuple [51.5, 75.5], !!python/tuple [52.5, 75.5], !!python/tuple [53.5, 75.5], !!python/tuple [54.5, 75.5],
  !!python/tuple [55.5, 75.5], !!python/tuple [56.5, 75.5], !!python/tuple [57.5, 75.5], !!python/tuple [58.5, 75.5], !!python/tuple [59.5, 75.5],
  !!python/tuple [60.5, 75.5], !!python/tuple [61.5, 75.5], !!python/tuple [62.5, 75.5], !!python/tuple [63.5, 75.5], !!python/tuple [64.5, 75.5],
  !!python/tuple [65.5, 75.5], !!python/tuple [66.5, 75.5], !!python/tuple [67.5, 75.5], !!python/tuple [68.5, 75.5], !!python/tuple [69.5, 75.5],
  !!python/tuple [70.5, 75.5], !!python/tuple [71.5, 75.5], !!python/tuple [72.5, 75.5], !!python/tuple [73.5, 75.5], !!python/tuple [74.5, 75.5], 
  !!python/tuple [75.5, 75.5]]
